[ 138.97976966  105.58732817 -186.58033536]
[ 138.97976966  105.58732817 -186.58033536]
[ 138.97976966  105.58732817 -186.58033536]
[ 138.97976966  105.58732817 -186.58033536]
[ 138.97976966  105.58732817 -186.58033536]
[ 134.19707866  129.01674021 -188.70731278]
[ 134.19707866  129.01674021 -188.70731278]
[ 123.77250134  145.85331982 -187.78164714]
[ 123.77250134  145.85331982 -187.78164714]
[ 123.77250134  145.85331982 -187.78164714]
[ 146.1864706   152.06077774 -206.44362269]
[ 146.1864706   152.06077774 -206.44362269]
[ 161.5373761   167.06445424 -224.822849  ]
[ 161.5373761   167.06445424 -224.822849  ]
[ 130.75209545  200.21034773 -254.18911926]
[ 130.75209545  200.21034773 -254.18911926]
[  72.4338344   226.86731754 -275.69259307]
[  72.4338344   226.86731754 -275.69259307]
[  72.4338344   226.86731754 -275.69259307]
[  72.4338344   226.86731754 -275.69259307]
[  72.4338344   226.86731754 -275.69259307]
[ 117.81811102  103.75282618 -184.52588052]
[ 117.81811102  103.75282618 -184.52588052]
[  90.12380018  120.61475054 -189.0923155 ]
[  90.12380018  120.61475054 -189.0923155 ]
[  90.12380018  120.61475054 -189.0923155 ]
[  90.12380018  120.61475054 -189.0923155 ]
[  82.43849869  151.24239394 -200.76561419]
[  82.43849869  151.24239394 -200.76561419]
[  89.27590631  185.18456668 -217.01196854]
[  89.27590631  185.18456668 -217.01196854]
[  85.28216782  217.68332    -246.16700436]
[  85.28216782  217.68332    -246.16700436]
[ 105.29371886   79.6625477  -194.53568972]
[ 105.29371886   79.6625477  -194.53568972]
[  48.18490458   97.19860844 -228.97745166]
[  48.18490458   97.19860844 -228.97745166]
[  48.18490458   97.19860844 -228.97745166]
[  27.69655685  142.33600941 -230.13173142]
[  27.69655685  142.33600941 -230.13173142]
[  30.94571981  181.15263131 -239.18976585]
[  30.94571981  181.15263131 -239.18976585]
[  43.13907837  208.45198836 -258.60636773]
[  43.13907837  208.45198836 -258.60636773]
[ 143.18613983   89.67824247 -164.6623078 ]
[ 143.18613983   89.67824247 -164.6623078 ]
[ 127.45569084  127.01126666 -156.06374908]
[ 134.58340844  164.38761245 -155.13515797]
[ 134.58340844  164.38761245 -155.13515797]
[ 134.58340844  164.38761245 -155.13515797]
[ 134.58340844  164.38761245 -155.13515797]
[ 134.58340844  164.38761245 -155.13515797]
[ 154.80005316  185.041951   -168.8930556 ]
[ 136.19995593  231.0201585  -171.9396305 ]
[  88.92913086  252.38191753 -180.18403127]
[  88.92913086  252.38191753 -180.18403127]
[  84.12805204  151.23923952 -163.2610742 ]
[  84.12805204  151.23923952 -163.2610742 ]
[  77.92126362   90.14887237 -168.79122789]
[  36.91790423  146.63095817 -170.32348883]
[  36.91790423  146.63095817 -170.32348883]
[  36.91790423  146.63095817 -170.32348883]
[  36.91790423  146.63095817 -170.32348883]
[  36.91790423  146.63095817 -170.32348883]
[  36.10840785  186.91854223 -185.06702367]
[  51.84125912  225.60346297 -186.42640923]
[ 169.79497894   88.50797437 -137.13032175]
[ 169.79497894   88.50797437 -137.13032175]
[ 169.79497894   88.50797437 -137.13032175]
[ 169.79497894   88.50797437 -137.13032175]
[ 169.79497894   88.50797437 -137.13032175]
[ 137.3639898   133.76153047 -115.232406  ]
[ 137.3639898   133.76153047 -115.232406  ]
[ 152.362944    190.04106161 -104.86531666]
[ 152.362944    190.04106161 -104.86531666]
[ 152.362944    190.04106161 -104.86531666]
[ 152.362944    190.04106161 -104.86531666]
[ 152.362944    190.04106161 -104.86531666]
[ 152.362944    190.04106161 -104.86531666]
[135.5011897  236.34977114 -85.8405745 ]
[135.5011897  236.34977114 -85.8405745 ]
[ 93.00878799 258.22175382 -85.97762608]
[ 93.00878799 258.22175382 -85.97762608]
[ 93.00878799 258.22175382 -85.97762608]
[ 93.00878799 258.22175382 -85.97762608]
[ 93.00878799 258.22175382 -85.97762608]
[ 102.81044199  113.92627269 -133.40976528]
[ 102.81044199  113.92627269 -133.40976528]
[  91.62483993  187.74861599 -119.07857555]
[  91.62483993  187.74861599 -119.07857555]
[  91.62483993  187.74861599 -119.07857555]
[  91.62483993  187.74861599 -119.07857555]
[ 91.20844556 229.80273903 -98.75267081]
[ 91.20844556 229.80273903 -98.75267081]
[  70.51246186   99.51011185 -138.69708578]
[  70.51246186   99.51011185 -138.69708578]
[  41.88114846  188.04384958 -126.27482477]
[  41.88114846  188.04384958 -126.27482477]
[  41.88114846  188.04384958 -126.27482477]
[  41.88114846  188.04384958 -126.27482477]
[  41.88114846  188.04384958 -126.27482477]
[  41.88114846  188.04384958 -126.27482477]
[  56.58126994  228.95767682 -109.1557161 ]
[  56.58126994  228.95767682 -109.1557161 ]
[161.13817083 104.53603417 -80.94536429]
[161.13817083 104.53603417 -80.94536429]
[144.84663961 135.75695879 -64.18675966]
[157.72234154 185.01339857 -38.58287427]
[142.19914764 224.30036012 -22.51765747]
[110.03938788 236.57852191 -21.45153232]
[110.03938788 236.57852191 -21.45153232]
[ 90.29440312 112.32036731 -75.88228953]
[ 63.54463703 172.01151137 -41.57052783]
[ 81.21045463 219.43232297 -28.53051854]
[147.22041176 128.85390954 -32.86226868]
[147.22041176 128.85390954 -32.86226868]
[147.22041176 128.85390954 -32.86226868]
[147.22041176 128.85390954 -32.86226868]
[147.22041176 128.85390954 -32.86226868]
[150.98666678 176.3748713    1.47182141]
[150.98666678 176.3748713    1.47182141]
[135.81279    214.60574988   9.47539862]
[135.81279    214.60574988   9.47539862]
[135.81279    214.60574988   9.47539862]
[135.81279    214.60574988   9.47539862]
[135.81279    214.60574988   9.47539862]
[ 259.72099365   95.31632336 -248.40138526]
[ 259.72099365   95.31632336 -248.40138526]
[ 259.72099365   95.31632336 -248.40138526]
[ 259.72099365   95.31632336 -248.40138526]
[ 259.72099365   95.31632336 -248.40138526]
[ 280.47191177  108.38222997 -255.22219004]
[ 280.47191177  108.38222997 -255.22219004]
[ 280.47191177  108.38222997 -255.22219004]
[ 280.47191177  108.38222997 -255.22219004]
[ 280.47191177  108.38222997 -255.22219004]
[ 280.47191177  108.38222997 -255.22219004]
[ 294.65371591  164.28224379 -267.34348799]
[ 294.65371591  164.28224379 -267.34348799]
[ 276.11914625  212.34149732 -285.24701177]
[ 276.11914625  212.34149732 -285.24701177]
[ 216.3459321   237.63903992 -260.1838451 ]
[ 216.3459321   237.63903992 -260.1838451 ]
[ 216.3459321   237.63903992 -260.1838451 ]
[ 216.3459321   237.63903992 -260.1838451 ]
[ 216.3459321   237.63903992 -260.1838451 ]
[ 257.24648914  121.74095382 -227.15957553]
[ 257.24648914  121.74095382 -227.15957553]
[ 257.24648914  121.74095382 -227.15957553]
[ 257.24648914  121.74095382 -227.15957553]
[ 251.78475064  167.00131682 -228.59613179]
[ 251.78475064  167.00131682 -228.59613179]
[ 238.57838728  206.74675722 -243.15858702]
[ 238.57838728  206.74675722 -243.15858702]
[ 221.83445571  123.12252537 -217.34280372]
[ 221.83445571  123.12252537 -217.34280372]
[ 221.83445571  123.12252537 -217.34280372]
[ 221.83445571  123.12252537 -217.34280372]
[ 221.83445571  123.12252537 -217.34280372]
[ 221.83445571  123.12252537 -217.34280372]
[ 175.51227635  148.96238179 -210.79176327]
[ 175.51227635  148.96238179 -210.79176327]
[ 180.26119672  200.80457553 -240.31144178]
[ 180.26119672  200.80457553 -240.31144178]
[ 218.56794595   81.99404211 -183.4194708 ]
[ 218.56794595   81.99404211 -183.4194708 ]
[ 268.24053776  109.78869157 -170.17740528]
[ 284.97217739  160.98959842 -163.73526207]
[ 284.97217739  160.98959842 -163.73526207]
[ 284.97217739  160.98959842 -163.73526207]
[ 284.97217739  160.98959842 -163.73526207]
[ 284.97217739  160.98959842 -163.73526207]
[ 274.72422735  225.52503126 -169.62166409]
[ 219.10790327  258.00256944 -163.85433123]
[ 219.10790327  258.00256944 -163.85433123]
[ 250.44262253  165.79578474 -160.21937565]
[ 250.44262253  165.79578474 -160.21937565]
[ 232.94917919  135.56269501 -161.05906004]
[ 200.64673167  174.67249354 -156.1438055 ]
[ 200.64673167  174.67249354 -156.1438055 ]
[ 200.64673167  174.67249354 -156.1438055 ]
[ 200.64673167  174.67249354 -156.1438055 ]
[ 200.64673167  174.67249354 -156.1438055 ]
[ 188.35571542  218.44633037 -158.74080294]
[ 177.00813897   91.15355278 -134.34332348]
[ 177.00813897   91.15355278 -134.34332348]
[ 259.26663437  117.12713975 -102.38923664]
[271.69057027 218.21510866 -98.72796361]
[271.69057027 218.21510866 -98.72796361]
[271.69057027 218.21510866 -98.72796361]
[271.69057027 218.21510866 -98.72796361]
[271.69057027 218.21510866 -98.72796361]
[271.69057027 218.21510866 -98.72796361]
[208.23682749 253.6885654  -53.36847662]
[208.23682749 253.6885654  -53.36847662]
[208.23682749 253.6885654  -53.36847662]
[208.23682749 253.6885654  -53.36847662]
[208.23682749 253.6885654  -53.36847662]
[237.77545073 215.79264438 -94.90299307]
[237.77545073 215.79264438 -94.90299307]
[ 196.96471959  146.32739477 -115.23152985]
[181.67101678 214.22626838 -98.72577021]
[181.67101678 214.22626838 -98.72577021]
[181.67101678 214.22626838 -98.72577021]
[181.67101678 214.22626838 -98.72577021]
[181.67101678 214.22626838 -98.72577021]
[181.67101678 214.22626838 -98.72577021]
[162.50165188 105.09147817 -66.24896967]
[162.50165188 105.09147817 -66.24896967]
[227.73055106 134.52511127 -47.68923575]
[236.30591273 202.77062664 -20.50389146]
[198.13316969 231.99974369 -12.61225131]
[198.13316969 231.99974369 -12.61225131]
[180.65439518 151.23279686 -58.01559053]
[169.38058198 202.2189011  -30.65299061]
[190.80443546 145.60381014 -31.71189327]
[190.80443546 145.60381014 -31.71189327]
[190.80443546 145.60381014 -31.71189327]
[190.80443546 145.60381014 -31.71189327]
[190.80443546 145.60381014 -31.71189327]
[189.18374209 191.73143938   2.68884251]
[189.18374209 191.73143938   2.68884251]
[189.18374209 191.73143938   2.68884251]
[189.18374209 191.73143938   2.68884251]
[189.18374209 191.73143938   2.68884251]
