[ 139.97905522  108.69728399 -184.66868825]
[ 139.97905522  108.69728399 -184.66868825]
[ 139.97905522  108.69728399 -184.66868825]
[ 139.97905522  108.69728399 -184.66868825]
[ 139.97905522  108.69728399 -184.66868825]
[ 135.43386619  130.96322318 -186.69004286]
[ 135.43386619  130.96322318 -186.69004286]
[ 125.52695924  146.96372107 -185.81034452]
[ 125.52695924  146.96372107 -185.81034452]
[ 125.52695924  146.96372107 -185.81034452]
[ 146.82788117  152.86292504 -203.54559166]
[ 146.82788117  152.86292504 -203.54559166]
[ 161.41648151  167.12153931 -221.0121305 ]
[ 161.41648151  167.12153931 -221.0121305 ]
[ 132.15995617  198.62145266 -248.92011159]
[ 132.15995617  198.62145266 -248.92011159]
[  76.7377009   223.95467348 -269.35575204]
[  76.7377009   223.95467348 -269.35575204]
[  76.7377009   223.95467348 -269.35575204]
[  76.7377009   223.95467348 -269.35575204]
[  76.7377009   223.95467348 -269.35575204]
[ 119.86825587  106.95388088 -182.71625485]
[ 119.86825587  106.95388088 -182.71625485]
[  93.54920697  122.97846493 -187.05592686]
[  93.54920697  122.97846493 -187.05592686]
[  93.54920697  122.97846493 -187.05592686]
[  93.54920697  122.97846493 -187.05592686]
[  86.24554713  152.08518108 -198.14954536]
[  86.24554713  152.08518108 -198.14954536]
[  92.74341835  184.34183152 -213.58912778]
[  92.74341835  184.34183152 -213.58912778]
[  88.9480035   215.22674081 -241.29636405]
[  88.9480035   215.22674081 -241.29636405]
[ 107.96580805   84.05989297 -192.2289905 ]
[ 107.96580805   84.05989297 -192.2289905 ]
[  53.69294007  100.72513671 -224.96042122]
[  53.69294007  100.72513671 -224.96042122]
[  53.69294007  100.72513671 -224.96042122]
[  34.22201591  143.62107553 -226.05738102]
[  34.22201591  143.62107553 -226.05738102]
[  37.30982985  180.5101166  -234.66560574]
[  37.30982985  180.5101166  -234.66560574]
[  48.89768275  206.45382459 -253.11800549]
[  48.89768275  206.45382459 -253.11800549]
[ 143.97654275   93.57822191 -163.83908023]
[ 143.97654275   93.57822191 -163.83908023]
[ 129.02724654  129.05733873 -155.66751428]
[ 135.80101135  164.57762585 -154.78503574]
[ 135.80101135  164.57762585 -154.78503574]
[ 135.80101135  164.57762585 -154.78503574]
[ 135.80101135  164.57762585 -154.78503574]
[ 135.80101135  164.57762585 -154.78503574]
[ 155.01372489  184.20629795 -167.85973483]
[ 137.33728328  227.90128999 -170.75502095]
[  92.41386331  248.20225302 -178.59001596]
[  92.41386331  248.20225302 -178.59001596]
[  87.85119956  152.0821833  -162.50742999]
[  87.85119956  152.0821833  -162.50742999]
[  81.95263183   94.02548097 -167.76296375]
[  42.98544369  147.70274296 -169.21913469]
[  42.98544369  147.70274296 -169.21913469]
[  42.98544369  147.70274296 -169.21913469]
[  42.98544369  147.70274296 -169.21913469]
[  42.98544369  147.70274296 -169.21913469]
[  42.2161458   185.9897002  -183.23052557]
[  57.167725    222.75358022 -184.52240588]
[ 169.26402299   92.46606774 -137.67429528]
[ 169.26402299   92.46606774 -137.67429528]
[ 169.26402299   92.46606774 -137.67429528]
[ 169.26402299   92.46606774 -137.67429528]
[ 169.26402299   92.46606774 -137.67429528]
[ 138.4435128   135.47239358 -116.86380035]
[ 138.4435128   135.47239358 -116.86380035]
[ 152.69763927  188.9571595  -107.01152662]
[ 152.69763927  188.9571595  -107.01152662]
[ 152.69763927  188.9571595  -107.01152662]
[ 152.69763927  188.9571595  -107.01152662]
[ 152.69763927  188.9571595  -107.01152662]
[ 152.69763927  188.9571595  -107.01152662]
[136.67321684 232.96624129 -88.93152736]
[136.67321684 232.96624129 -88.93152736]
[ 96.2909302  253.75209096 -89.06177315]
[ 96.2909302  253.75209096 -89.06177315]
[ 96.2909302  253.75209096 -89.06177315]
[ 96.2909302  253.75209096 -89.06177315]
[ 96.2909302  253.75209096 -89.06177315]
[ 105.60584734  116.62212782 -134.13849661]
[ 105.60584734  116.62212782 -134.13849661]
[  94.97570712  186.77855362 -120.51897433]
[  94.97570712  186.77855362 -120.51897433]
[  94.97570712  186.77855362 -120.51897433]
[  94.97570712  186.77855362 -120.51897433]
[  94.57999033  226.74432592 -101.20242647]
[  94.57999033  226.74432592 -101.20242647]
[  74.91174112  102.92185399 -139.16325594]
[  74.91174112  102.92185399 -139.16325594]
[  47.70221994  187.05912632 -127.35786757]
[  47.70221994  187.05912632 -127.35786757]
[  47.70221994  187.05912632 -127.35786757]
[  47.70221994  187.05912632 -127.35786757]
[  47.70221994  187.05912632 -127.35786757]
[  47.70221994  187.05912632 -127.35786757]
[  61.67235331  225.94122836 -111.08887063]
[  61.67235331  225.94122836 -111.08887063]
[161.03710023 107.69819582 -84.27940665]
[161.03710023 107.69819582 -84.27940665]
[145.55458436 137.36873164 -68.35301161]
[157.7908964  184.1791634  -44.02058047]
[143.03856326 221.51518768 -28.75314055]
[112.47581358 233.1836326  -27.73995773]
[112.47581358 233.1836326  -27.73995773]
[ 93.711338   115.09596953 -79.46775732]
[ 68.28992903 171.82293229 -46.8598712 ]
[ 85.07848607 216.88889066 -34.46741109]
[147.81047821 130.80847846 -38.58405239]
[147.81047821 130.80847846 -38.58405239]
[147.81047821 130.80847846 -38.58405239]
[147.81047821 130.80847846 -38.58405239]
[147.81047821 130.80847846 -38.58405239]
[151.38970612 175.96961368  -5.95494667]
[151.38970612 175.96961368  -5.95494667]
[136.96934349 212.30199865   1.65118374]
[136.96934349 212.30199865   1.65118374]
[136.96934349 212.30199865   1.65118374]
[136.96934349 212.30199865   1.65118374]
[136.96934349 212.30199865   1.65118374]
[ 254.7244337    98.93632335 -243.41978861]
[ 254.7244337    98.93632335 -243.41978861]
[ 254.7244337    98.93632335 -243.41978861]
[ 254.7244337    98.93632335 -243.41978861]
[ 254.7244337    98.93632335 -243.41978861]
[ 274.44488936  111.35339475 -249.90188148]
[ 274.44488936  111.35339475 -249.90188148]
[ 274.44488936  111.35339475 -249.90188148]
[ 274.44488936  111.35339475 -249.90188148]
[ 274.44488936  111.35339475 -249.90188148]
[ 274.44488936  111.35339475 -249.90188148]
[ 287.92244433  164.47748966 -261.4212522 ]
[ 287.92244433  164.47748966 -261.4212522 ]
[ 270.30827628  210.15018581 -278.43571126]
[ 270.30827628  210.15018581 -278.43571126]
[ 213.50331892  234.19148673 -254.61714747]
[ 213.50331892  234.19148673 -254.61714747]
[ 213.50331892  234.19148673 -254.61714747]
[ 213.50331892  234.19148673 -254.61714747]
[ 213.50331892  234.19148673 -254.61714747]
[ 252.37280974  124.04874248 -223.23281837]
[ 252.37280974  124.04874248 -223.23281837]
[ 252.37280974  124.04874248 -223.23281837]
[ 252.37280974  124.04874248 -223.23281837]
[ 247.18229377  167.06153721 -224.59803719]
[ 247.18229377  167.06153721 -224.59803719]
[ 234.6317405   204.83327291 -238.43734063]
[ 234.6317405   204.83327291 -238.43734063]
[ 218.71928988  125.36170706 -213.90353413]
[ 218.71928988  125.36170706 -213.90353413]
[ 218.71928988  125.36170706 -213.90353413]
[ 218.71928988  125.36170706 -213.90353413]
[ 218.71928988  125.36170706 -213.90353413]
[ 218.71928988  125.36170706 -213.90353413]
[ 174.69740716  149.91839123 -207.67780947]
[ 174.69740716  149.91839123 -207.67780947]
[ 179.21050258  199.18617191 -235.73158076]
[ 179.21050258  199.18617191 -235.73158076]
[ 215.61499057   86.27560853 -181.66478794]
[ 215.61499057   86.27560853 -181.66478794]
[ 262.82090881  112.69001337 -169.08030545]
[ 278.72167789  161.34835259 -162.95807033]
[ 278.72167789  161.34835259 -162.95807033]
[ 278.72167789  161.34835259 -162.95807033]
[ 278.72167789  161.34835259 -162.95807033]
[ 278.72167789  161.34835259 -162.95807033]
[ 268.98262716  222.67904332 -168.55216161]
[ 216.12813434  253.54379098 -163.07122668]
[ 216.12813434  253.54379098 -163.07122668]
[ 245.90681391  165.91587022 -159.61677807]
[ 245.90681391  165.91587022 -159.61677807]
[ 229.28207126  137.18411474 -160.41476487]
[ 198.5837195   174.35177369 -155.74359521]
[ 198.5837195   174.35177369 -155.74359521]
[ 198.5837195   174.35177369 -155.74359521]
[ 198.5837195   174.35177369 -155.74359521]
[ 198.5837195   174.35177369 -155.74359521]
[ 186.90305845  215.95186112 -158.21162928]
[ 176.11898726   94.98027032 -135.02569558]
[ 176.11898726   94.98027032 -135.02569558]
[ 254.29263729  119.66404416 -104.65840537]
[ 266.09961737  215.73212156 -101.1789462 ]
[ 266.09961737  215.73212156 -101.1789462 ]
[ 266.09961737  215.73212156 -101.1789462 ]
[ 266.09961737  215.73212156 -101.1789462 ]
[ 266.09961737  215.73212156 -101.1789462 ]
[ 266.09961737  215.73212156 -101.1789462 ]
[205.79690145 249.44401453 -58.07194985]
[205.79690145 249.44401453 -58.07194985]
[205.79690145 249.44401453 -58.07194985]
[205.79690145 249.44401453 -58.07194985]
[205.79690145 249.44401453 -58.07194985]
[233.8686767  213.42995358 -97.54391851]
[233.8686767  213.42995358 -97.54391851]
[ 195.08455114  147.4142541  -116.86296771]
[ 180.55031288  211.94136169 -101.17686172]
[ 180.55031288  211.94136169 -101.17686172]
[ 180.55031288  211.94136169 -101.17686172]
[ 180.55031288  211.94136169 -101.17686172]
[ 180.55031288  211.94136169 -101.17686172]
[ 180.55031288  211.94136169 -101.17686172]
[162.33287267 108.22605722 -70.31281507]
[162.33287267 108.22605722 -70.31281507]
[224.32259313 136.198056   -52.67473237]
[232.47211396 201.05459159 -26.83937543]
[196.1949776  228.83223031 -19.33962344]
[196.1949776  228.83223031 -19.33962344]
[179.58417534 152.07606057 -62.48829437]
[168.87020442 200.53026399 -36.48448408]
[189.23017837 146.7266017  -37.49080306]
[189.23017837 146.7266017  -37.49080306]
[189.23017837 146.7266017  -37.49080306]
[189.23017837 146.7266017  -37.49080306]
[189.23017837 146.7266017  -37.49080306]
[187.68996644 190.5635954   -4.79836119]
[187.68996644 190.5635954   -4.79836119]
[187.68996644 190.5635954   -4.79836119]
[187.68996644 190.5635954   -4.79836119]
[187.68996644 190.5635954   -4.79836119]
[ 59.50544859 127.05419552  39.61284992]
[ 84.68340174 133.69035642  38.27838579]
[130.99424036 147.96535492  35.73935463]
[162.10716801 155.38897148  34.12205685]
[195.30090381 144.59197009  33.1610513 ]
[244.49082163 133.65639771  31.53008438]
[297.36870914 145.83266075  28.79940268]
[332.68259744 186.00012913  25.66732628]
[304.38556215 243.75271171  24.50372319]
[239.93963858 257.46760721  26.66553382]
[191.83538888 258.89655908  28.63892147]
[159.82798445 259.30548532  29.97409703]
[127.98607969 258.26513504  31.36147476]
[ 81.1082439  248.95503025  33.72167449]
[ 22.73168132 213.13044664  37.65046011]
[ 24.93372866 151.37394152  40.07975201]
[ 56.62757885 102.32352183 -12.19184203]
[ 86.32818147  97.2577739  -14.13071933]
[133.55123888 104.36115965 -14.42108737]
[164.61681503 111.75516536 -17.12062369]
[197.90098425  99.69334812 -19.18935164]
[245.98031236  98.7446787  -20.54100077]
[300.70428387 127.38084822 -23.79895707]
[338.45909887 184.78339651 -26.42758803]
[306.50951514 261.64270807 -28.75758622]
[235.01591825 278.70982301 -27.43586619]
[186.94450565 279.88769451 -25.36453389]
[154.97931939 280.10451883 -23.58940196]
[123.29289086 277.54352799 -22.53551075]
[ 76.22149135 269.79912952 -20.54683597]
[ -1.09540495 228.22612396 -13.87547433]
[  8.29485387 147.70855422  -8.92764818]
[ 43.0077706   83.03896292 -66.83980142]
[ 87.32805077  65.28490203 -69.59605374]
[135.25985868  66.27406962 -69.44200681]
[166.67786716  70.32425227 -72.64965962]
[199.11011017  66.3258164  -73.53712714]
[246.71039868  69.59828239 -74.97634429]
[306.66753009 112.62541742 -78.59976764]
[334.92373214 182.33358062 -83.23266143]
[307.94002695 263.68814841 -85.59279901]
[231.18655946 289.4589554  -83.37921523]
[183.11265426 290.61510553 -81.41329332]
[151.41110479 288.30122623 -80.08879307]
[119.90588963 284.28585    -78.65964328]
[ 72.7440654  277.51393833 -76.26538737]
[ -7.51096061 226.23843848 -70.47321759]
[ -4.66532129 144.18309621 -65.71376063]
[  32.83269186   72.65884352 -123.40176225]
[  86.81488284   47.18448352 -124.04041658]
[ 134.49779035   49.51066435 -125.98894054]
[ 165.79828641   55.29835811 -127.53142803]
[ 198.43035627   49.40948049 -128.69381831]
[ 246.07464231   51.91407822 -131.0383766 ]
[ 310.07843245  106.91464526 -135.98028458]
[ 329.27958393  179.66150514 -139.52228931]
[ 302.6801897   258.24538546 -142.43990687]
[ 228.8200139   287.11383793 -139.54631793]
[ 180.49470174  290.51146274 -137.56349974]
[ 148.67293445  289.30162676 -136.15352393]
[ 117.11160185  285.82302    -134.63304987]
[  70.45208616  274.5281366  -132.37953246]
[  -1.96568597  220.10818076 -128.40005535]
[  -7.31981751  141.71771435 -125.74385147]
[  39.33006168   81.98075298 -181.44553461]
[  83.06007834   56.79979179 -181.11584481]
[ 131.1895085    55.01957249 -183.39548147]
[ 163.14246      55.40038554 -183.99622916]
[ 194.81247714   57.77107612 -185.85754952]
[ 241.80439759   65.35568452 -189.927242  ]
[ 295.30159301  110.31176765 -193.17466184]
[ 318.21992454  176.35958869 -196.12793535]
[ 291.39157475  249.54574455 -197.9684771 ]
[ 227.37958585  276.61306934 -195.53215266]
[ 178.68440589  283.19420216 -193.79867865]
[ 146.71124005  283.35109812 -192.33791428]
[ 115.20372684  279.35143808 -190.92007621]
[  68.79929551  265.7840166  -188.67956191]
[  12.5689186   214.41993191 -186.01724431]
[   9.19368446  141.49202583 -184.36681397]
[  38.07056197   78.54733365 -236.39413586]
[  81.71223199   45.16802518 -237.8420294 ]
[ 130.69374241   35.83215096 -240.07981249]
[ 162.54174942   37.87824862 -238.9205575 ]
[ 194.14850344   40.0655792  -242.57326341]
[ 240.6596009    53.12165153 -243.76466133]
[ 296.77803613  106.99027342 -248.39096673]
[ 314.46515803  173.94634003 -251.22217149]
[ 286.94416411  246.81120933 -253.80975636]
[ 225.11982976  272.95827397 -252.56550887]
[ 176.54928794  278.43662026 -250.82010383]
[ 144.61721573  278.79280299 -248.00307526]
[ 112.9600816   275.39513533 -248.33379544]
[  66.30590199  264.51513493 -244.96957068]
[   6.89048471  213.06156674 -238.6063067 ]
[   5.49608692  139.23426466 -235.32551203]
[  30.74982899   71.99947866 -287.66653586]
[  80.14316669   38.08331184 -288.36750645]
[ 129.50270574   25.66245621 -289.94497467]
[ 161.52952293   25.08362639 -291.27403085]
[ 192.92405985   30.04125613 -292.80250539]
[ 238.75641673   48.50606575 -295.49245014]
[ 298.72339535  102.11862174 -300.21491687]
[ 317.44124916  172.38968169 -303.87554671]
[ 288.5974303   245.65504244 -305.64963838]
[ 222.8121182   272.08075017 -303.95039989]
[ 174.39611139  276.23959389 -302.07534073]
[ 142.55526673  275.19004456 -300.68763206]
[ 110.41101125  276.79721926 -299.39561603]
[  63.58880673  266.99998089 -297.01787014]
[  -4.25608641  213.92368993 -291.98457123]
[  -8.36843476  135.73139181 -288.61730095]
