1.4805e+02 -1.1876e+01 1.0557e+01 1.4451e-14 9.7706e+01 2.5605e+01 -6.4905e+00 1.9174e-14 -2.0796e+02 4.3959e+00 3.8701e+01 1.0777e-14
1.4805e+02 -4.9039e+01 1.0557e+01 -1.1941e-14 9.7706e+01 -1.5323e+01 -6.4905e+00 -4.0349e-16 -2.0796e+02 -1.3651e+01 3.8701e+01 8.6433e-15
1.4805e+02 -1.1876e+01 6.6672e-15 -5.1799e-15 9.7706e+01 2.5605e+01 -4.6760e-15 7.2388e-15 -2.0796e+02 4.3959e+00 5.2188e-15 6.3629e-15
1.4805e+02 -4.9039e+01 -5.5602e-15 -2.4599e-15 9.7706e+01 -1.5323e+01 -1.3585e-15 3.9756e-15 -2.0796e+02 -1.3651e+01 -3.1746e-15 2.0725e-14
1.4805e+02 -3.3563e+01 -4.2814e-15 8.2452e-15 9.7706e+01 7.6670e+00 5.1945e-15 4.3292e-15 -2.0796e+02 4.4615e-01 2.2932e-15 2.3428e-15
1.3979e+02 -9.2278e+00 -7.3827e+00 -3.6269e-15 1.2104e+02 2.3876e+01 1.0450e+01 -2.6309e-15 -2.0387e+02 1.8498e+00 4.6967e+01 8.1065e-16
1.3979e+02 -9.2278e+00 -1.9785e+01 3.4954e-16 1.2104e+02 2.3876e+01 -1.6942e+01 -4.5683e-15 -2.0387e+02 1.8498e+00 -9.3605e-01 0.0000e+00
1.3647e+02 -3.6215e+00 4.7265e+00 0.0000e+00 1.4107e+02 2.6771e+01 3.2782e+01 0.0000e+00 -2.0439e+02 -5.4798e+00 4.1884e+01 0.0000e+00
1.3647e+02 -3.6215e+00 -3.6028e+01 0.0000e+00 1.4107e+02 2.6771e+01 -1.5262e+01 0.0000e+00 -2.0439e+02 -5.4798e+00 1.3386e+00 0.0000e+00
1.3647e+02 -3.6028e+01 4.7265e+00 0.0000e+00 1.4107e+02 -1.5262e+01 3.2782e+01 0.0000e+00 -2.0439e+02 1.3386e+00 4.1884e+01 0.0000e+00
1.4312e+02 2.2851e+01 1.1613e+01 0.0000e+00 1.6609e+02 2.0887e+01 5.4156e+00 0.0000e+00 -2.1214e+02 -1.5885e+01 5.4015e+01 0.0000e+00
1.4312e+02 2.2851e+01 -4.4787e+01 0.0000e+00 1.6609e+02 2.0887e+01 1.1793e+00 0.0000e+00 -2.1214e+02 -1.5885e+01 8.7089e+00 0.0000e+00
1.7393e+02 -2.6036e-01 -2.0463e+00 0.0000e+00 1.7608e+02 3.2626e+01 1.7722e+01 0.0000e+00 -2.3632e+02 -4.1497e+01 8.7089e+01 0.0000e+00
1.7393e+02 -2.6036e-01 -8.4530e+01 0.0000e+00 1.7608e+02 3.2626e+01 3.2992e+01 0.0000e+00 -2.3632e+02 -4.1497e+01 1.5263e+01 0.0000e+00
1.5279e+02 -3.2137e+01 -1.0573e+00 0.0000e+00 2.2193e+02 5.6381e+01 3.8769e+01 0.0000e+00 -2.7332e+02 -3.1394e+01 1.0788e+02 0.0000e+00
1.5279e+02 -3.2137e+01 -4.5784e+01 0.0000e+00 2.2193e+02 5.6381e+01 2.8789e+01 0.0000e+00 -2.7332e+02 -3.1394e+01 3.5695e+01 0.0000e+00
1.0663e+02 -5.5718e+01 -2.1188e+00 0.0000e+00 2.5517e+02 -4.0211e+00 3.8272e+01 0.0000e+00 -2.9049e+02 -3.2136e+00 1.1928e+02 0.0000e+00
1.0663e+02 5.5718e+01 -2.1188e+00 0.0000e+00 2.5517e+02 4.0211e+00 3.8272e+01 0.0000e+00 -2.9049e+02 3.2136e+00 1.1928e+02 0.0000e+00
1.0663e+02 -5.5718e+01 0.0000e+00 0.0000e+00 2.5517e+02 -4.0211e+00 0.0000e+00 0.0000e+00 -2.9049e+02 -3.2136e+00 0.0000e+00 0.0000e+00
1.0663e+02 5.5718e+01 0.0000e+00 0.0000e+00 2.5517e+02 4.0211e+00 0.0000e+00 0.0000e+00 -2.9049e+02 3.2136e+00 0.0000e+00 0.0000e+00
1.0663e+02 1.4560e+00 0.0000e+00 0.0000e+00 2.5517e+02 9.1740e+00 0.0000e+00 0.0000e+00 -2.9049e+02 -4.3008e+01 0.0000e+00 0.0000e+00
1.2158e+02 -2.6227e+01 -2.0639e+01 0.0000e+00 1.0884e+02 1.4156e+01 -1.6713e+01 0.0000e+00 -2.0844e+02 -2.6111e-01 -6.7748e+00 0.0000e+00
1.2158e+02 -2.6227e+01 2.0639e+01 0.0000e+00 1.0884e+02 1.4156e+01 1.6713e+01 0.0000e+00 -2.0844e+02 -2.6111e-01 6.7748e+00 0.0000e+00
1.0290e+02 -2.5071e+01 -3.4321e+01 0.0000e+00 1.2654e+02 2.9099e+01 -2.1529e+01 0.0000e+00 -2.0878e+02 -4.4941e+00 -1.2721e+01 0.0000e+00
1.0290e+02 -2.5071e+01 3.4321e+01 0.0000e+00 1.2654e+02 2.9099e+01 2.1529e+01 0.0000e+00 -2.0878e+02 -4.4941e+00 1.2721e+01 0.0000e+00
1.0290e+02 -3.4321e+01 -1.6839e+01 0.0000e+00 1.2654e+02 -2.1529e+01 3.5064e+01 0.0000e+00 -2.0878e+02 -1.2721e+01 4.3033e+01 0.0000e+00
1.0290e+02 3.4321e+01 -1.6839e+01 0.0000e+00 1.2654e+02 2.1529e+01 3.5064e+01 0.0000e+00 -2.0878e+02 1.2721e+01 4.3033e+01 0.0000e+00
8.8466e+01 -2.6147e+00 -5.1051e+01 0.0000e+00 1.6356e+02 4.0237e+01 -1.3478e+01 0.0000e+00 -2.1477e+02 -1.1954e+01 -1.5328e+01 0.0000e+00
8.8466e+01 -2.6147e+00 5.1051e+01 0.0000e+00 1.6356e+02 4.0237e+01 1.3478e+01 0.0000e+00 -2.1477e+02 -1.1954e+01 1.5328e+01 0.0000e+00
9.6899e+01 8.3200e+00 -7.3897e+01 0.0000e+00 2.0118e+02 4.0173e+01 3.7638e+00 0.0000e+00 -2.3096e+02 -2.7910e+01 -8.6059e+00 0.0000e+00
9.6899e+01 8.3200e+00 7.3897e+01 0.0000e+00 2.0118e+02 4.0173e+01 -3.7638e+00 0.0000e+00 -2.3096e+02 -2.7910e+01 8.6059e+00 0.0000e+00
1.0343e+02 -1.1354e+00 -5.6132e+01 0.0000e+00 2.3700e+02 3.3578e+01 4.4523e-01 0.0000e+00 -2.5669e+02 -3.3285e+01 -3.8181e+00 0.0000e+00
1.0343e+02 -1.1354e+00 5.6132e+01 0.0000e+00 2.3700e+02 3.3578e+01 -4.4523e-01 0.0000e+00 -2.5669e+02 -3.3285e+01 3.8181e+00 0.0000e+00
1.0241e+02 -4.3109e+01 -2.9275e+01 0.0000e+00 9.6393e+01 -1.3719e-01 3.8453e+00 0.0000e+00 -2.2298e+02 -1.2289e+01 5.4276e+01 0.0000e+00
1.0241e+02 -4.3109e+01 1.8152e+01 0.0000e+00 9.6393e+01 -1.3719e-01 1.4992e+01 0.0000e+00 -2.2298e+02 -1.2289e+01 2.3019e+01 0.0000e+00
6.9817e+01 -3.3719e+01 -4.5417e+01 0.0000e+00 1.0897e+02 2.3826e+01 3.7233e+01 0.0000e+00 -2.3780e+02 -1.8325e+01 6.2008e+01 0.0000e+00
6.9817e+01 -3.3719e+01 3.2581e+01 0.0000e+00 1.0897e+02 2.3826e+01 2.0844e+01 0.0000e+00 -2.3780e+02 -1.8325e+01 4.6594e+01 0.0000e+00
6.9817e+01 3.2581e+01 -4.5417e+01 0.0000e+00 1.0897e+02 2.0844e+01 3.7233e+01 0.0000e+00 -2.3780e+02 4.6594e+01 6.2008e+01 0.0000e+00
4.5574e+01 -1.9705e+01 -8.8942e+00 0.0000e+00 1.4731e+02 4.8371e+01 1.3400e+01 0.0000e+00 -2.5522e+02 -1.6611e+01 8.2045e+01 0.0000e+00
4.5574e+01 -1.9705e+01 2.3697e+01 0.0000e+00 1.4731e+02 4.8371e+01 2.8954e+01 0.0000e+00 -2.5522e+02 -1.6611e+01 7.5441e+01 0.0000e+00
4.1781e+01 9.1559e+00 -7.8395e+00 0.0000e+00 1.9564e+02 5.2824e+01 1.1716e+01 0.0000e+00 -2.6774e+02 -1.7783e+01 9.3778e+01 0.0000e+00
4.1781e+01 9.1559e+00 3.1916e+01 0.0000e+00 1.9564e+02 5.2824e+01 2.8275e+01 0.0000e+00 -2.6774e+02 -1.7783e+01 6.3805e+01 0.0000e+00
6.2188e+01 3.3495e+01 -8.1182e+00 0.0000e+00 2.3549e+02 3.8123e+01 2.4563e+01 0.0000e+00 -2.8190e+02 -1.6581e+01 1.0975e+02 0.0000e+00
6.2188e+01 3.3495e+01 4.3121e+01 0.0000e+00 2.3549e+02 3.8123e+01 1.9764e+01 0.0000e+00 -2.8190e+02 -1.6581e+01 4.1598e+01 0.0000e+00
1.5619e+02 -2.7132e+01 8.8704e+00 0.0000e+00 9.5399e+01 3.3875e+01 1.1981e+00 0.0000e+00 -1.7737e+02 9.0790e+00 3.4414e+01 0.0000e+00
1.5619e+02 -8.8258e+01 8.8704e+00 0.0000e+00 9.5399e+01 -1.7694e+01 1.1981e+00 0.0000e+00 -1.7737e+02 1.0406e+00 3.4414e+01 0.0000e+00
1.3514e+02 -1.3371e+01 -1.5293e+00 0.0000e+00 1.3034e+02 4.1272e+01 1.3284e+01 0.0000e+00 -1.6802e+02 2.3835e+00 4.0824e+01 0.0000e+00
1.4402e+02 2.7138e+01 4.8903e+00 0.0000e+00 1.6798e+02 3.0986e+01 2.5560e+01 0.0000e+00 -1.6475e+02 -1.7679e+00 4.0024e+01 0.0000e+00
1.4402e+02 2.7138e+01 -1.2361e+00 0.0000e+00 1.6798e+02 3.0986e+01 9.6141e+00 0.0000e+00 -1.6475e+02 -1.7679e+00 4.8625e+01 0.0000e+00
1.4402e+02 0.0000e+00 4.8903e+00 0.0000e+00 1.6798e+02 0.0000e+00 2.5560e+01 0.0000e+00 -1.6475e+02 0.0000e+00 4.0024e+01 0.0000e+00
1.4402e+02 0.0000e+00 -1.2361e+00 0.0000e+00 1.6798e+02 0.0000e+00 9.6141e+00 0.0000e+00 -1.6475e+02 0.0000e+00 4.8625e+01 0.0000e+00
1.4402e+02 -5.3091e+01 4.8903e+00 0.0000e+00 1.6798e+02 -1.2591e+01 2.5560e+01 0.0000e+00 -1.6475e+02 -1.9720e+00 4.0024e+01 0.0000e+00
1.6893e+02 7.1734e+00 -9.3958e+00 0.0000e+00 1.8936e+02 3.4113e+01 7.2393e+00 0.0000e+00 -1.6946e+02 -9.6459e+00 6.4605e+01 0.0000e+00
1.5072e+02 -3.0020e+01 4.2019e+00 0.0000e+00 2.4068e+02 5.6219e+01 1.1297e+01 0.0000e+00 -1.7420e+02 -3.7031e+00 9.6134e+01 0.0000e+00
1.0514e+02 -5.2211e+01 8.5038e+00 0.0000e+00 2.6816e+02 -1.0778e+01 1.1169e+01 0.0000e+00 -1.7834e+02 -4.8888e+00 1.0645e+02 0.0000e+00
1.0514e+02 5.2211e+01 8.5038e+00 0.0000e+00 2.6816e+02 1.0778e+01 1.1169e+01 0.0000e+00 -1.7834e+02 4.8888e+00 1.0645e+02 0.0000e+00
9.2808e+01 -5.0255e+01 -6.1149e+00 0.0000e+00 1.6165e+02 -1.0747e+01 4.1434e+01 0.0000e+00 -1.6895e+02 -5.5221e+00 4.6262e+01 0.0000e+00
9.2808e+01 5.0255e+01 -6.1149e+00 0.0000e+00 1.6165e+02 1.0747e+01 4.1434e+01 0.0000e+00 -1.6895e+02 5.5221e+00 4.6262e+01 0.0000e+00
8.0499e+01 -6.3442e+01 -1.6041e+01 0.0000e+00 1.0459e+02 3.0339e+01 1.4479e+01 0.0000e+00 -1.7785e+02 -4.2334e-03 4.8670e+01 0.0000e+00
4.3722e+01 -1.5914e+01 -5.0279e+00 0.0000e+00 1.5593e+02 5.1970e+01 5.1261e+01 0.0000e+00 -1.7962e+02 -7.6033e+00 5.6254e+01 0.0000e+00
4.3722e+01 -1.5914e+01 9.5296e+00 0.0000e+00 1.5593e+02 5.1970e+01 1.4131e+01 0.0000e+00 -1.7962e+02 -7.6033e+00 6.9970e+01 0.0000e+00
4.3722e+01 0.0000e+00 -5.0279e+00 0.0000e+00 1.5593e+02 0.0000e+00 5.1261e+01 0.0000e+00 -1.7962e+02 0.0000e+00 5.6254e+01 0.0000e+00
4.3722e+01 0.0000e+00 9.5296e+00 0.0000e+00 1.5593e+02 0.0000e+00 1.4131e+01 0.0000e+00 -1.7962e+02 0.0000e+00 6.9970e+01 0.0000e+00
4.3722e+01 4.7474e+01 -5.0279e+00 0.0000e+00 1.5593e+02 5.7399e+00 5.1261e+01 0.0000e+00 -1.7962e+02 1.5603e+01 5.6254e+01 0.0000e+00
4.3142e+01 5.9472e+00 8.4746e+00 0.0000e+00 1.9952e+02 4.7393e+01 6.2771e+00 0.0000e+00 -1.8561e+02 -5.6884e+00 6.5547e+01 0.0000e+00
6.3666e+01 3.0805e+01 1.0403e+01 0.0000e+00 2.4402e+02 4.1428e+01 6.0394e+00 0.0000e+00 -1.8416e+02 1.0062e+00 9.1513e+01 0.0000e+00
1.6227e+02 -3.1787e+01 8.0667e+00 0.0000e+00 9.6359e+01 4.4279e+01 1.0810e+01 0.0000e+00 -1.4668e+02 2.0066e+01 4.7855e+01 0.0000e+00
1.6227e+02 -1.1428e+02 8.0667e+00 0.0000e+00 9.6359e+01 -1.4843e+01 1.0810e+01 0.0000e+00 -1.4668e+02 1.8649e+01 4.7855e+01 0.0000e+00
1.6227e+02 -3.1787e+01 -1.2331e+00 0.0000e+00 9.6359e+01 4.4279e+01 -7.6721e-01 0.0000e+00 -1.4668e+02 2.0066e+01 -3.1929e-01 0.0000e+00
1.6227e+02 -1.1428e+02 -1.2331e+00 0.0000e+00 9.6359e+01 -1.4843e+01 -7.6721e-01 0.0000e+00 -1.4668e+02 1.8649e+01 -3.1929e-01 0.0000e+00
1.6227e+02 -6.4227e+01 -1.2331e+00 0.0000e+00 9.6359e+01 3.0815e+01 -7.6721e-01 0.0000e+00 -1.4668e+02 2.4411e+01 -3.1929e-01 0.0000e+00
1.4051e+02 -1.3642e+01 1.0193e+01 0.0000e+00 1.4004e+02 5.3618e+01 9.2811e+00 0.0000e+00 -1.3093e+02 9.8014e+00 4.2482e+01 0.0000e+00
1.4051e+02 -1.3642e+01 -3.6483e+01 0.0000e+00 1.4004e+02 5.3618e+01 -9.9471e+00 0.0000e+00 -1.3093e+02 9.8014e+00 4.0562e+00 0.0000e+00
1.5512e+02 3.5046e+01 2.1436e+01 0.0000e+00 1.8779e+02 4.7153e+01 2.3376e+01 0.0000e+00 -1.1922e+02 2.2463e+01 4.8322e+01 0.0000e+00
1.5512e+02 3.5046e+01 -9.0854e+00 0.0000e+00 1.8779e+02 4.7153e+01 1.7190e+00 0.0000e+00 -1.1922e+02 2.2463e+01 5.5924e+01 0.0000e+00
1.5512e+02 0.0000e+00 2.1436e+01 0.0000e+00 1.8779e+02 0.0000e+00 2.3376e+01 0.0000e+00 -1.1922e+02 0.0000e+00 4.8322e+01 0.0000e+00
1.5512e+02 0.0000e+00 -9.0854e+00 0.0000e+00 1.8779e+02 0.0000e+00 1.7190e+00 0.0000e+00 -1.1922e+02 0.0000e+00 5.5924e+01 0.0000e+00
1.5512e+02 -6.4063e+01 2.1436e+01 0.0000e+00 1.8779e+02 -7.1774e-01 2.3376e+01 0.0000e+00 -1.1922e+02 -3.2243e-01 4.8322e+01 0.0000e+00
1.5512e+02 3.5046e+01 -6.4063e+01 0.0000e+00 1.8779e+02 4.7153e+01 -7.1774e-01 0.0000e+00 -1.1922e+02 2.2463e+01 -3.2243e-01 0.0000e+00
1.5201e+02 -2.8861e+01 8.1938e-01 0.0000e+00 2.3117e+02 3.9834e+01 -8.5156e+00 0.0000e+00 -8.7662e+01 1.8572e+01 6.1455e+01 0.0000e+00
1.5201e+02 -2.8861e+01 -5.2111e+01 0.0000e+00 2.3117e+02 3.9834e+01 -2.6040e+00 0.0000e+00 -8.7662e+01 1.8572e+01 -1.1871e+01 0.0000e+00
1.1242e+02 -4.3231e+01 9.7640e+00 0.0000e+00 2.5573e+02 -3.4266e+00 -1.4353e+01 0.0000e+00 -8.2793e+01 -8.0277e+00 6.9020e+01 0.0000e+00
1.1242e+02 4.3231e+01 9.7640e+00 0.0000e+00 2.5573e+02 3.4266e+00 -1.4353e+01 0.0000e+00 -8.2793e+01 8.0277e+00 6.9020e+01 0.0000e+00
1.1242e+02 -4.3231e+01 1.1560e+00 0.0000e+00 2.5573e+02 -3.4266e+00 9.3377e-01 0.0000e+00 -8.2793e+01 -8.0277e+00 1.4722e+00 0.0000e+00
1.1242e+02 4.3231e+01 1.1560e+00 0.0000e+00 2.5573e+02 3.4266e+00 9.3377e-01 0.0000e+00 -8.2793e+01 8.0277e+00 1.4722e+00 0.0000e+00
1.1242e+02 6.1500e+00 1.1560e+00 0.0000e+00 2.5573e+02 1.6089e+01 9.3377e-01 0.0000e+00 -8.2793e+01 9.5956e+00 1.4722e+00 0.0000e+00
1.0767e+02 -4.5255e+01 -3.6307e+01 0.0000e+00 1.3550e+02 5.7759e+01 -1.3681e+01 0.0000e+00 -1.2745e+02 1.0929e+01 6.3779e-01 0.0000e+00
1.0767e+02 -4.5255e+01 3.6307e+01 0.0000e+00 1.3550e+02 5.7759e+01 1.3681e+01 0.0000e+00 -1.2745e+02 1.0929e+01 -6.3779e-01 0.0000e+00
9.3751e+01 -5.4232e+01 8.0004e+00 0.0000e+00 1.9202e+02 9.6401e-01 2.9768e+01 0.0000e+00 -1.2267e+02 -3.0261e+00 5.0183e+01 0.0000e+00
9.3751e+01 5.4232e+01 8.0004e+00 0.0000e+00 1.9202e+02 -9.6401e-01 2.9768e+01 0.0000e+00 -1.2267e+02 3.0261e+00 5.0183e+01 0.0000e+00
9.3751e+01 1.2111e+01 -5.4232e+01 0.0000e+00 1.9202e+02 4.8580e+01 9.6401e-01 0.0000e+00 -1.2267e+02 1.3156e+01 -3.0261e+00 0.0000e+00
9.3751e+01 1.2111e+01 5.4232e+01 0.0000e+00 1.9202e+02 4.8580e+01 -9.6401e-01 0.0000e+00 -1.2267e+02 1.3156e+01 3.0261e+00 0.0000e+00
1.0519e+02 6.9115e+00 -4.2964e+01 0.0000e+00 2.3135e+02 3.4809e+01 1.0089e+00 0.0000e+00 -9.8645e+01 2.0005e+01 -5.2511e+00 0.0000e+00
1.0519e+02 6.9115e+00 4.2964e+01 0.0000e+00 2.3135e+02 3.4809e+01 -1.0089e+00 0.0000e+00 -9.8645e+01 2.0005e+01 5.2511e+00 0.0000e+00
7.3123e+01 -6.7704e+01 5.7998e+00 0.0000e+00 1.1614e+02 5.4725e+01 1.2576e+01 0.0000e+00 -1.3282e+02 1.6864e+01 5.2015e+01 0.0000e+00
7.3123e+01 -6.7704e+01 4.3014e+01 0.0000e+00 1.1614e+02 5.4725e+01 2.2925e+01 0.0000e+00 -1.3282e+02 1.6864e+01 3.6500e+00 0.0000e+00
4.8180e+01 8.8823e+00 9.0403e+00 0.0000e+00 1.9635e+02 6.6097e+01 4.7449e+01 0.0000e+00 -1.2879e+02 1.0704e+01 5.0356e+01 0.0000e+00
4.8180e+01 8.8823e+00 1.1253e+01 0.0000e+00 1.9635e+02 6.6097e+01 -5.3794e+00 0.0000e+00 -1.2879e+02 1.0704e+01 7.4437e+01 0.0000e+00
4.8180e+01 0.0000e+00 9.0403e+00 0.0000e+00 1.9635e+02 0.0000e+00 4.7449e+01 0.0000e+00 -1.2879e+02 0.0000e+00 5.0356e+01 0.0000e+00
4.8180e+01 0.0000e+00 1.1253e+01 0.0000e+00 1.9635e+02 0.0000e+00 -5.3794e+00 0.0000e+00 -1.2879e+02 0.0000e+00 7.4437e+01 0.0000e+00
4.8180e+01 4.6081e+01 9.0403e+00 0.0000e+00 1.9635e+02 -3.9621e+00 4.7449e+01 0.0000e+00 -1.2879e+02 1.1487e+01 5.0356e+01 0.0000e+00
4.8180e+01 8.8823e+00 4.6081e+01 0.0000e+00 1.9635e+02 6.6097e+01 -3.9621e+00 0.0000e+00 -1.2879e+02 1.0704e+01 1.1487e+01 0.0000e+00
7.0665e+01 2.9726e+01 1.1366e+01 0.0000e+00 2.3807e+02 3.4072e+01 -6.0749e+00 0.0000e+00 -1.0302e+02 2.2132e+01 7.2471e+01 0.0000e+00
7.0665e+01 2.9726e+01 3.7250e+01 0.0000e+00 2.3807e+02 3.4072e+01 -3.2532e+00 0.0000e+00 -1.0302e+02 2.2132e+01 4.8523e+00 0.0000e+00
1.6615e+02 -2.2973e+01 -7.7624e+00 0.0000e+00 1.1224e+02 3.6977e+01 3.5850e+01 0.0000e+00 -8.9630e+01 -1.2378e+00 6.1679e+01 0.0000e+00
1.6615e+02 -8.3502e+01 -7.7624e+00 0.0000e+00 1.1224e+02 -9.3639e+00 3.5850e+01 0.0000e+00 -8.9630e+01 2.2636e+01 6.1679e+01 0.0000e+00
1.4867e+02 -1.4589e+01 6.6943e+00 0.0000e+00 1.4660e+02 4.4734e+01 8.3075e+00 0.0000e+00 -8.2221e+01 9.6367e+00 5.0831e+01 0.0000e+00
1.6101e+02 1.2958e+01 1.2861e+01 0.0000e+00 1.8549e+02 3.9840e+01 4.8624e-01 0.0000e+00 -6.6325e+01 1.4430e+01 6.7111e+01 0.0000e+00
1.5066e+02 -2.7530e+01 -5.0077e+00 0.0000e+00 2.1975e+02 2.7189e+01 -8.7800e+00 0.0000e+00 -4.7505e+01 1.3519e+01 4.2773e+01 0.0000e+00
1.1988e+02 -3.2810e+01 1.3102e+01 0.0000e+00 2.3640e+02 -2.7725e+00 -1.9167e+01 0.0000e+00 -3.9126e+01 1.5448e+00 3.3913e+01 0.0000e+00
1.1988e+02 3.2810e+01 1.3102e+01 0.0000e+00 2.3640e+02 2.7725e+00 -1.9167e+01 0.0000e+00 -3.9126e+01 -1.5448e+00 3.3913e+01 0.0000e+00
9.9350e+01 -4.9798e+01 4.5052e+01 0.0000e+00 1.2905e+02 3.9934e+01 2.7800e+01 0.0000e+00 -6.8359e+01 1.9307e+01 5.0683e+01 0.0000e+00
7.3787e+01 -4.1598e+00 6.0755e+01 0.0000e+00 1.8386e+02 5.6158e+01 5.6789e+00 0.0000e+00 -5.1308e+01 5.2469e+00 6.1703e+01 0.0000e+00
8.8376e+01 2.3314e+01 3.7825e+01 0.0000e+00 2.2346e+02 2.7751e+01 -8.8651e+00 0.0000e+00 -4.3686e+01 1.9799e+00 4.6723e+01 0.0000e+00
1.4363e+02 -1.4179e+01 -2.4940e+01 0.0000e+00 1.4647e+02 3.6286e+01 -7.7942e+00 0.0000e+00 -5.0093e+01 2.8280e+01 1.6647e+01 0.0000e+00
1.4363e+02 -1.4179e+01 2.4940e+01 0.0000e+00 1.4647e+02 3.6286e+01 7.7942e+00 0.0000e+00 -5.0093e+01 2.8280e+01 -1.6647e+01 0.0000e+00
1.4363e+02 -3.8225e-01 -2.4940e+01 0.0000e+00 1.4647e+02 3.4940e-01 -7.7942e+00 0.0000e+00 -5.0093e+01 2.6348e-03 1.6647e+01 0.0000e+00
1.4363e+02 -3.8225e-01 2.4940e+01 0.0000e+00 1.4647e+02 3.4940e-01 7.7942e+00 0.0000e+00 -5.0093e+01 2.6348e-03 -1.6647e+01 0.0000e+00
1.4363e+02 -3.8225e-01 -1.4179e+01 0.0000e+00 1.4647e+02 3.4940e-01 3.6286e+01 0.0000e+00 -5.0093e+01 2.6348e-03 2.8280e+01 0.0000e+00
1.3905e+02 -8.9856e+00 -6.6256e+01 0.0000e+00 1.8526e+02 3.9772e+01 -6.5203e-01 0.0000e+00 -2.2014e+01 7.2996e+00 1.3453e+01 0.0000e+00
1.3905e+02 -8.9856e+00 6.6256e+01 0.0000e+00 1.8526e+02 3.9772e+01 6.5203e-01 0.0000e+00 -2.2014e+01 7.2996e+00 -1.3453e+01 0.0000e+00
1.3073e+02 -1.1661e+01 -3.8089e+01 0.0000e+00 2.1389e+02 2.4594e+01 -7.0377e-01 0.0000e+00 -2.0142e+01 -9.1575e+00 5.1712e+00 0.0000e+00
1.3073e+02 -1.1661e+01 3.8089e+01 0.0000e+00 2.1389e+02 2.4594e+01 7.0377e-01 0.0000e+00 -2.0142e+01 -9.1575e+00 -5.1712e+00 0.0000e+00
1.3073e+02 1.1148e-01 -3.8089e+01 0.0000e+00 2.1389e+02 -9.3428e-02 -7.0377e-01 0.0000e+00 -2.0142e+01 8.0397e-02 5.1712e+00 0.0000e+00
1.3073e+02 1.1148e-01 3.8089e+01 0.0000e+00 2.1389e+02 -9.3428e-02 7.0377e-01 0.0000e+00 -2.0142e+01 8.0397e-02 -5.1712e+00 0.0000e+00
1.3073e+02 1.1148e-01 1.1661e+01 0.0000e+00 2.1389e+02 -9.3428e-02 -2.4594e+01 0.0000e+00 -2.0142e+01 8.0397e-02 9.1575e+00 0.0000e+00
2.4117e+02 3.5611e+01 -1.9976e+01 0.0000e+00 8.9906e+01 3.9576e+00 -3.5215e+00 0.0000e+00 -2.3550e+02 -1.8546e+01 6.6884e+01 0.0000e+00
2.4117e+02 -6.8273e+00 -1.9976e+01 0.0000e+00 8.9906e+01 3.3042e+01 -3.5215e+00 0.0000e+00 -2.3550e+02 1.8949e+01 6.6884e+01 0.0000e+00
2.4117e+02 3.5611e+01 0.0000e+00 0.0000e+00 8.9906e+01 3.9576e+00 0.0000e+00 0.0000e+00 -2.3550e+02 -1.8546e+01 0.0000e+00 0.0000e+00
2.4117e+02 -6.8273e+00 0.0000e+00 0.0000e+00 8.9906e+01 3.3042e+01 0.0000e+00 0.0000e+00 -2.3550e+02 1.8949e+01 0.0000e+00 0.0000e+00
2.4117e+02 2.4486e+01 0.0000e+00 0.0000e+00 8.9906e+01 2.7623e+01 0.0000e+00 0.0000e+00 -2.3550e+02 6.4824e+00 0.0000e+00 0.0000e+00
2.7398e+02 3.5967e+01 -5.7163e+00 0.0000e+00 1.0098e+02 3.5352e+01 7.7798e-01 0.0000e+00 -2.5188e+02 -1.4797e+01 9.1466e+01 0.0000e+00
2.7398e+02 3.5967e+01 2.4598e+01 0.0000e+00 1.0098e+02 3.5352e+01 4.1233e+01 0.0000e+00 -2.5188e+02 -1.4797e+01 8.7049e+01 0.0000e+00
2.7398e+02 0.0000e+00 -5.7163e+00 0.0000e+00 1.0098e+02 0.0000e+00 7.7798e-01 0.0000e+00 -2.5188e+02 0.0000e+00 9.1466e+01 0.0000e+00
2.7398e+02 0.0000e+00 2.4598e+01 0.0000e+00 1.0098e+02 0.0000e+00 4.1233e+01 0.0000e+00 -2.5188e+02 0.0000e+00 8.7049e+01 0.0000e+00
2.7398e+02 3.5967e+01 -1.6600e+01 0.0000e+00 1.0098e+02 3.5352e+01 1.8518e+01 0.0000e+00 -2.5188e+02 -1.4797e+01 3.7661e+01 0.0000e+00
2.7398e+02 2.4598e+01 -1.6600e+01 0.0000e+00 1.0098e+02 4.1233e+01 1.8518e+01 0.0000e+00 -2.5188e+02 8.7049e+01 3.7661e+01 0.0000e+00
3.0119e+02 7.7677e+00 5.5065e+00 0.0000e+00 1.5570e+02 6.0812e+01 -7.2920e+00 0.0000e+00 -2.6555e+02 -1.6685e+01 1.2415e+02 0.0000e+00
3.0119e+02 7.7677e+00 -2.2973e+01 0.0000e+00 1.5570e+02 6.0812e+01 2.1687e+01 0.0000e+00 -2.6555e+02 -1.6685e+01 7.4465e+01 0.0000e+00
2.9140e+02 -3.9169e+01 1.7866e+01 0.0000e+00 2.1592e+02 5.4809e+01 2.0303e+01 0.0000e+00 -2.7856e+02 -1.5202e+01 1.3244e+02 0.0000e+00
2.9140e+02 -3.9169e+01 -2.7568e+01 0.0000e+00 2.1592e+02 5.4809e+01 1.5698e+01 0.0000e+00 -2.7856e+02 -1.5202e+01 6.7568e+01 0.0000e+00
2.3985e+02 -6.2757e+01 -4.1637e+00 0.0000e+00 2.4613e+02 -8.6374e+00 3.8387e+01 0.0000e+00 -2.7952e+02 1.0608e+01 1.4711e+02 0.0000e+00
2.3985e+02 6.2757e+01 -4.1637e+00 0.0000e+00 2.4613e+02 8.6374e+00 3.8387e+01 0.0000e+00 -2.7952e+02 -1.0608e+01 1.4711e+02 0.0000e+00
2.3985e+02 -6.2757e+01 0.0000e+00 0.0000e+00 2.4613e+02 -8.6374e+00 0.0000e+00 0.0000e+00 -2.7952e+02 1.0608e+01 0.0000e+00 0.0000e+00
2.3985e+02 6.2757e+01 0.0000e+00 0.0000e+00 2.4613e+02 8.6374e+00 0.0000e+00 0.0000e+00 -2.7952e+02 -1.0608e+01 0.0000e+00 0.0000e+00
2.3985e+02 -7.2896e+00 0.0000e+00 0.0000e+00 2.4613e+02 1.6455e+01 0.0000e+00 0.0000e+00 -2.7952e+02 -4.3659e+01 0.0000e+00 0.0000e+00
2.5615e+02 6.6053e+00 -2.4948e+01 0.0000e+00 1.1359e+02 3.9977e+01 9.6196e+00 0.0000e+00 -2.3066e+02 7.1789e+00 1.2430e+01 0.0000e+00
2.5615e+02 6.6053e+00 2.4948e+01 0.0000e+00 1.1359e+02 3.9977e+01 -9.6196e+00 0.0000e+00 -2.3066e+02 7.1789e+00 -1.2430e+01 0.0000e+00
2.5615e+02 5.5596e-01 -2.4948e+01 0.0000e+00 1.1359e+02 2.4546e+01 9.6196e+00 0.0000e+00 -2.3066e+02 3.7139e+01 1.2430e+01 0.0000e+00
2.5615e+02 5.5596e-01 2.4948e+01 0.0000e+00 1.1359e+02 2.4546e+01 -9.6196e+00 0.0000e+00 -2.3066e+02 3.7139e+01 -1.2430e+01 0.0000e+00
2.5613e+02 -1.0069e+01 -6.5120e+01 0.0000e+00 1.6694e+02 5.4990e+01 -3.5294e+00 0.0000e+00 -2.2658e+02 -1.4184e+01 1.6512e+01 0.0000e+00
2.5613e+02 -1.0069e+01 6.5120e+01 0.0000e+00 1.6694e+02 5.4990e+01 3.5294e+00 0.0000e+00 -2.2658e+02 -1.4184e+01 -1.6512e+01 0.0000e+00
2.4872e+02 -1.6140e+01 -5.7132e+01 0.0000e+00 2.1460e+02 4.8568e+01 -7.7976e+00 0.0000e+00 -2.4489e+02 -2.8926e+01 8.8108e+00 0.0000e+00
2.4872e+02 -1.6140e+01 5.7132e+01 0.0000e+00 2.1460e+02 4.8568e+01 7.7976e+00 0.0000e+00 -2.4489e+02 -2.8926e+01 -8.8108e+00 0.0000e+00
2.3313e+02 -2.9070e+01 1.2649e+01 0.0000e+00 1.2184e+02 3.2533e+01 8.7883e+00 0.0000e+00 -2.2179e+02 8.1763e+00 6.5512e+01 0.0000e+00
2.3313e+02 -2.9070e+01 -1.3344e+01 0.0000e+00 1.2184e+02 3.2533e+01 6.2250e+01 0.0000e+00 -2.2179e+02 8.1763e+00 5.9273e+01 0.0000e+00
2.3313e+02 0.0000e+00 1.2649e+01 0.0000e+00 1.2184e+02 0.0000e+00 8.7883e+00 0.0000e+00 -2.2179e+02 0.0000e+00 6.5512e+01 0.0000e+00
2.3313e+02 0.0000e+00 -1.3344e+01 0.0000e+00 1.2184e+02 0.0000e+00 6.2250e+01 0.0000e+00 -2.2179e+02 0.0000e+00 5.9273e+01 0.0000e+00
2.3313e+02 -2.9070e+01 2.4894e+01 0.0000e+00 1.2184e+02 3.2533e+01 -6.2576e+00 0.0000e+00 -2.2179e+02 8.1763e+00 -5.2078e+00 0.0000e+00
2.3313e+02 -1.3344e+01 2.4894e+01 0.0000e+00 1.2184e+02 6.2250e+01 -6.2576e+00 0.0000e+00 -2.2179e+02 5.9273e+01 -5.2078e+00 0.0000e+00
1.8755e+02 -2.6825e+01 4.1266e+01 0.0000e+00 1.5503e+02 4.0664e+01 3.6025e+01 0.0000e+00 -2.2063e+02 -1.8718e+01 6.8654e+01 0.0000e+00
1.8755e+02 -2.6825e+01 7.2895e+01 0.0000e+00 1.5503e+02 4.0664e+01 1.9465e+01 0.0000e+00 -2.2063e+02 -1.8718e+01 -7.2125e-01 0.0000e+00
1.9536e+02 1.3898e+01 -7.5947e-02 0.0000e+00 2.0821e+02 5.8691e+01 2.6974e+01 0.0000e+00 -2.6210e+02 -3.3775e+01 1.3078e+02 0.0000e+00
1.9536e+02 1.3898e+01 4.6902e+01 0.0000e+00 2.0821e+02 5.8691e+01 2.3195e+01 0.0000e+00 -2.6210e+02 -3.3775e+01 4.4828e+01 0.0000e+00
2.1554e+02 6.6952e+01 -3.9056e+01 0.0000e+00 8.7688e+01 -7.4877e-01 1.1679e+00 0.0000e+00 -1.8197e+02 1.5605e+01 5.2597e+01 0.0000e+00
2.1554e+02 2.2885e+01 -3.9056e+01 0.0000e+00 8.7688e+01 3.8197e+01 1.1679e+00 0.0000e+00 -1.8197e+02 1.8742e+01 5.2597e+01 0.0000e+00
2.6601e+02 4.1384e+01 -6.0571e+00 0.0000e+00 1.0180e+02 3.4394e+01 4.4495e+00 0.0000e+00 -1.7116e+02 8.7687e+00 6.6125e+01 0.0000e+00
2.9277e+02 1.1926e+01 2.8784e+00 0.0000e+00 1.4393e+02 5.8665e+01 5.6462e+01 0.0000e+00 -1.6480e+02 -8.1722e+00 6.6636e+01 0.0000e+00
2.9277e+02 1.1926e+01 -1.4126e+01 0.0000e+00 1.4393e+02 5.8665e+01 -4.2324e+00 0.0000e+00 -1.6480e+02 -8.1722e+00 9.2854e+01 0.0000e+00
2.9277e+02 0.0000e+00 2.8784e+00 0.0000e+00 1.4393e+02 0.0000e+00 5.6462e+01 0.0000e+00 -1.6480e+02 0.0000e+00 6.6636e+01 0.0000e+00
2.9277e+02 0.0000e+00 -1.4126e+01 0.0000e+00 1.4393e+02 0.0000e+00 -4.2324e+00 0.0000e+00 -1.6480e+02 0.0000e+00 9.2854e+01 0.0000e+00
2.9277e+02 2.8784e+00 -3.9622e+01 0.0000e+00 1.4393e+02 5.6462e+01 9.4507e+00 0.0000e+00 -1.6480e+02 6.6636e+01 2.8867e+00 0.0000e+00
2.9111e+02 -3.2191e+01 -2.7505e+00 0.0000e+00 2.1429e+02 6.1366e+01 -2.1978e+00 0.0000e+00 -1.7310e+02 -2.4284e+00 8.1214e+01 0.0000e+00
2.3540e+02 -7.9221e+01 -7.4000e+00 0.0000e+00 2.5956e+02 -1.0692e+01 1.3511e+01 0.0000e+00 -1.6870e+02 4.6258e+00 1.2015e+02 0.0000e+00
2.3540e+02 7.9221e+01 -7.4000e+00 0.0000e+00 2.5956e+02 1.0692e+01 1.3511e+01 0.0000e+00 -1.6870e+02 -4.6258e+00 1.2015e+02 0.0000e+00
2.5351e+02 -8.1871e+00 -4.2564e+01 0.0000e+00 1.5705e+02 5.0687e+01 9.4033e+00 0.0000e+00 -1.6141e+02 6.3589e+01 1.4594e+00 0.0000e+00
2.5351e+02 -8.1871e+00 4.2564e+01 0.0000e+00 1.5705e+02 5.0687e+01 -9.4033e+00 0.0000e+00 -1.6141e+02 6.3589e+01 -1.4594e+00 0.0000e+00
2.3174e+02 7.7314e-01 -2.5722e+01 0.0000e+00 1.2680e+02 4.7738e+01 1.6891e+01 0.0000e+00 -1.6666e+02 4.8609e+00 5.9103e+01 0.0000e+00
2.1471e+02 -4.3207e+01 -2.3485e+01 0.0000e+00 1.6934e+02 4.4529e+01 3.8418e+01 0.0000e+00 -1.6242e+02 3.8103e-01 5.8613e+01 0.0000e+00
2.1471e+02 -4.3207e+01 1.7308e+01 0.0000e+00 1.6934e+02 4.4529e+01 4.7620e+00 0.0000e+00 -1.6242e+02 3.8103e-01 6.5079e+01 0.0000e+00
2.1471e+02 0.0000e+00 -2.3485e+01 0.0000e+00 1.6934e+02 0.0000e+00 3.8418e+01 0.0000e+00 -1.6242e+02 0.0000e+00 5.8613e+01 0.0000e+00
2.1471e+02 0.0000e+00 1.7308e+01 0.0000e+00 1.6934e+02 0.0000e+00 4.7620e+00 0.0000e+00 -1.6242e+02 0.0000e+00 6.5079e+01 0.0000e+00
2.1471e+02 -2.3485e+01 4.3922e+01 0.0000e+00 1.6934e+02 3.8418e+01 -1.1316e+01 0.0000e+00 -1.6242e+02 5.8613e+01 -3.6354e-01 0.0000e+00
1.9114e+02 1.0378e+00 -1.0963e+00 0.0000e+00 2.1439e+02 6.8273e+01 2.5408e-01 0.0000e+00 -1.6963e+02 -8.1122e+00 9.1374e+01 0.0000e+00
1.7740e+02 9.7980e+01 -2.4441e+01 0.0000e+00 9.5275e+01 -1.6472e+01 1.0750e+01 0.0000e+00 -1.3771e+02 3.6769e+01 4.5379e+01 0.0000e+00
1.7740e+02 2.9526e+01 -2.4441e+01 0.0000e+00 9.5275e+01 4.7627e+01 1.0750e+01 0.0000e+00 -1.3771e+02 1.6234e+01 4.5379e+01 0.0000e+00
2.5441e+02 6.6440e+01 -1.9620e+01 0.0000e+00 1.0790e+02 5.6329e+01 1.2531e+01 0.0000e+00 -1.1045e+02 1.8146e+01 5.6081e+01 0.0000e+00
2.8502e+02 -2.7088e+01 -3.2445e+01 0.0000e+00 2.0364e+02 1.1823e+02 5.5953e+01 0.0000e+00 -1.0480e+02 -2.4976e+01 5.4621e+01 0.0000e+00
2.8502e+02 -3.2445e+01 -6.7096e+00 0.0000e+00 2.0364e+02 5.5953e+01 -1.4444e+01 0.0000e+00 -1.0480e+02 5.4621e+01 8.2742e+01 0.0000e+00
2.8502e+02 0.0000e+00 -3.2445e+01 0.0000e+00 2.0364e+02 0.0000e+00 5.5953e+01 0.0000e+00 -1.0480e+02 0.0000e+00 5.4621e+01 0.0000e+00
2.8502e+02 0.0000e+00 -6.7096e+00 0.0000e+00 2.0364e+02 0.0000e+00 -1.4444e+01 0.0000e+00 -1.0480e+02 0.0000e+00 8.2742e+01 0.0000e+00
2.8502e+02 -3.2445e+01 -4.6445e+01 0.0000e+00 2.0364e+02 5.5953e+01 -4.3020e+00 0.0000e+00 -1.0480e+02 5.4621e+01 2.3295e+00 0.0000e+00
2.8502e+02 -2.7088e+01 -6.7096e+00 0.0000e+00 2.0364e+02 1.1823e+02 -1.4444e+01 0.0000e+00 -1.0480e+02 -2.4976e+01 8.2742e+01 0.0000e+00
2.2189e+02 -8.4330e+01 -6.1164e+00 0.0000e+00 2.4056e+02 -1.6900e+01 -2.5122e+01 0.0000e+00 -5.9150e+01 -5.8009e+00 6.5144e+01 0.0000e+00
2.2189e+02 8.4330e+01 -6.1164e+00 0.0000e+00 2.4056e+02 1.6900e+01 -2.5122e+01 0.0000e+00 -5.9150e+01 5.8009e+00 6.5144e+01 0.0000e+00
2.2189e+02 -8.4330e+01 3.4493e-01 0.0000e+00 2.4056e+02 -1.6900e+01 2.7673e-01 0.0000e+00 -5.9150e+01 -5.8009e+00 5.0101e-01 0.0000e+00
2.2189e+02 8.4330e+01 3.4493e-01 0.0000e+00 2.4056e+02 1.6900e+01 2.7673e-01 0.0000e+00 -5.9150e+01 5.8009e+00 5.0101e-01 0.0000e+00
2.2189e+02 -9.7066e+00 3.4493e-01 0.0000e+00 2.4056e+02 2.3716e+01 2.7673e-01 0.0000e+00 -5.9150e+01 2.3054e+01 5.0101e-01 0.0000e+00
2.4278e+02 -2.0738e+01 -4.7158e+01 0.0000e+00 1.9970e+02 4.6321e+01 -4.5138e+00 0.0000e+00 -1.0704e+02 4.6087e+01 1.8052e+00 0.0000e+00
2.4278e+02 -2.0738e+01 4.7158e+01 0.0000e+00 1.9970e+02 4.6321e+01 4.5138e+00 0.0000e+00 -1.0704e+02 4.6087e+01 -1.8052e+00 0.0000e+00
2.0421e+02 8.9370e+00 -2.5728e+01 0.0000e+00 1.4039e+02 5.7029e+01 1.4823e+01 0.0000e+00 -1.1942e+02 8.4527e+00 4.4881e+01 0.0000e+00
1.9206e+02 -4.2670e+01 -1.9322e+01 0.0000e+00 1.9960e+02 5.7833e+01 4.2015e+01 0.0000e+00 -1.0256e+02 1.5245e+01 5.5796e+01 0.0000e+00
1.9206e+02 -1.9322e+01 9.1539e-01 0.0000e+00 1.9960e+02 4.2015e+01 -1.0769e+01 0.0000e+00 -1.0256e+02 5.5796e+01 5.9418e+01 0.0000e+00
1.9206e+02 2.8907e-02 -1.9322e+01 0.0000e+00 1.9960e+02 1.2107e-02 4.2015e+01 0.0000e+00 -1.0256e+02 -1.4863e-02 5.5796e+01 0.0000e+00
1.9206e+02 2.8907e-02 9.1539e-01 0.0000e+00 1.9960e+02 1.2107e-02 -1.0769e+01 0.0000e+00 -1.0256e+02 -1.4863e-02 5.9418e+01 0.0000e+00
1.9206e+02 -1.9322e+01 5.7119e+01 0.0000e+00 1.9960e+02 4.2015e+01 3.5507e+00 0.0000e+00 -1.0256e+02 5.5796e+01 -4.9223e+00 0.0000e+00
1.9206e+02 -4.2670e+01 9.1539e-01 0.0000e+00 1.9960e+02 5.7833e+01 -1.0769e+01 0.0000e+00 -1.0256e+02 1.5245e+01 5.9418e+01 0.0000e+00
1.6363e+02 6.3935e+01 2.8319e+00 0.0000e+00 1.1380e+02 -9.4556e+00 3.0844e+01 0.0000e+00 -8.4258e+01 1.9028e+01 5.3336e+01 0.0000e+00
1.6363e+02 1.2379e+01 2.8319e+00 0.0000e+00 1.1380e+02 3.7069e+01 3.0844e+01 0.0000e+00 -8.4258e+01 -4.9373e+00 5.3336e+01 0.0000e+00
2.2571e+02 5.5538e+01 -3.8663e+01 0.0000e+00 1.1868e+02 4.3633e+01 2.1068e+01 0.0000e+00 -6.2922e+01 2.7032e+01 3.9261e+01 0.0000e+00
2.5394e+02 -2.0844e+01 -5.3411e+01 0.0000e+00 1.8318e+02 5.9861e+01 -1.5235e+01 0.0000e+00 -3.4363e+01 1.8427e+01 4.2977e+01 0.0000e+00
2.1225e+02 -5.5850e+01 -1.2550e+01 0.0000e+00 2.1445e+02 -2.0851e+00 -3.2343e+01 0.0000e+00 -2.2207e+01 -1.1012e+01 3.0525e+01 0.0000e+00
2.1225e+02 5.5850e+01 -1.2550e+01 0.0000e+00 2.1445e+02 2.0851e+00 -3.2343e+01 0.0000e+00 -2.2207e+01 1.1012e+01 3.0525e+01 0.0000e+00
1.8366e+02 1.5259e+01 -9.9637e+00 0.0000e+00 1.4626e+02 3.9832e+01 3.3752e+00 0.0000e+00 -7.9384e+01 1.3650e+01 3.7398e+01 0.0000e+00
1.8274e+02 -1.1125e+01 -2.2082e+00 0.0000e+00 1.8873e+02 4.6399e+01 -1.0361e+01 0.0000e+00 -5.4592e+01 3.6027e+01 4.6725e+01 0.0000e+00
1.8527e+02 1.9679e+01 -2.4602e+01 0.0000e+00 1.4208e+02 3.8232e+01 1.3388e+01 0.0000e+00 -5.1244e+01 2.5470e+01 -1.0104e+01 0.0000e+00
1.8527e+02 1.9679e+01 2.4602e+01 0.0000e+00 1.4208e+02 3.8232e+01 -1.3388e+01 0.0000e+00 -5.1244e+01 2.5470e+01 1.0104e+01 0.0000e+00
1.8527e+02 8.5704e-02 -2.4602e+01 0.0000e+00 1.4208e+02 2.4232e-01 1.3388e+01 0.0000e+00 -5.1244e+01 1.0150e-02 -1.0104e+01 0.0000e+00
1.8527e+02 8.5704e-02 2.4602e+01 0.0000e+00 1.4208e+02 2.4232e-01 -1.3388e+01 0.0000e+00 -5.1244e+01 1.0150e-02 1.0104e+01 0.0000e+00
1.8527e+02 8.5704e-02 1.9679e+01 0.0000e+00 1.4208e+02 2.4232e-01 3.8232e+01 0.0000e+00 -5.1244e+01 1.0150e-02 2.5470e+01 0.0000e+00
1.9724e+02 4.4421e+00 -3.7118e+01 0.0000e+00 1.7844e+02 4.2828e+01 2.9770e+00 0.0000e+00 -1.9546e+01 2.1371e+01 -1.7097e+01 0.0000e+00
1.9724e+02 4.4421e+00 3.7118e+01 0.0000e+00 1.7844e+02 4.2828e+01 -2.9770e+00 0.0000e+00 -1.9546e+01 2.1371e+01 1.7097e+01 0.0000e+00
1.9724e+02 0.0000e+00 -3.7118e+01 0.0000e+00 1.7844e+02 0.0000e+00 2.9770e+00 0.0000e+00 -1.9546e+01 0.0000e+00 -1.7097e+01 0.0000e+00
1.9724e+02 0.0000e+00 3.7118e+01 0.0000e+00 1.7844e+02 0.0000e+00 -2.9770e+00 0.0000e+00 -1.9546e+01 0.0000e+00 1.7097e+01 0.0000e+00
1.9724e+02 0.0000e+00 -4.4421e+00 0.0000e+00 1.7844e+02 0.0000e+00 -4.2828e+01 0.0000e+00 -1.9546e+01 0.0000e+00 -2.1371e+01 0.0000e+00
4.5590e+01 4.3529e+01 -3.8972e+00 0.0000e+00 1.3240e+02 -5.5305e+01 -9.3433e+00 0.0000e+00 -3.3901e+02 0.0000e+00 5.7089e+01 0.0000e+00
9.3190e+01 5.5400e+01 0.0000e+00 0.0000e+00 9.2680e+01 -2.2884e+01 -1.1258e+01 0.0000e+00 -3.4034e+02 0.0000e+00 5.7784e+01 0.0000e+00
1.3809e+02 3.6702e+01 0.0000e+00 0.0000e+00 7.7413e+01 -6.3164e+00 -7.8765e+00 0.0000e+00 -3.4014e+02 0.0000e+00 5.7526e+01 0.0000e+00
1.6841e+02 2.9821e+01 0.0000e+00 0.0000e+00 7.3669e+01 7.8726e-01 -6.1522e+00 0.0000e+00 -3.3956e+02 0.0000e+00 5.7450e+01 0.0000e+00
1.9897e+02 4.1749e+01 0.0000e+00 0.0000e+00 7.3504e+01 6.1833e+00 -8.6888e+00 0.0000e+00 -3.3871e+02 0.0000e+00 5.8310e+01 0.0000e+00
2.4541e+02 5.6496e+01 0.0000e+00 0.0000e+00 8.3036e+01 2.4599e+01 -1.2372e+01 0.0000e+00 -3.3671e+02 0.0000e+00 5.8849e+01 0.0000e+00
2.9804e+02 3.8736e+01 6.8605e+00 0.0000e+00 1.1965e+02 5.7923e+01 -7.4023e+00 0.0000e+00 -3.3284e+02 0.0000e+00 5.7182e+01 0.0000e+00
3.1936e+02 6.7596e-01 4.4794e+00 0.0000e+00 1.7749e+02 6.8164e+01 0.0000e+00 0.0000e+00 -3.2845e+02 0.0000e+00 5.7332e+01 0.0000e+00
3.0357e+02 -4.1040e+01 7.0190e-01 0.0000e+00 2.3992e+02 5.6751e+01 5.9334e+00 0.0000e+00 -3.2479e+02 0.0000e+00 5.7529e+01 0.0000e+00
2.5789e+02 -5.4039e+01 0.0000e+00 0.0000e+00 2.8072e+02 1.8750e+01 4.0099e+00 0.0000e+00 -3.2346e+02 0.0000e+00 5.7564e+01 0.0000e+00
2.1260e+02 -3.8166e+01 0.0000e+00 0.0000e+00 2.8980e+02 -2.7974e+00 6.1972e+00 0.0000e+00 -3.2420e+02 0.0000e+00 5.7106e+01 0.0000e+00
1.8181e+02 -2.9643e+01 0.0000e+00 0.0000e+00 2.8638e+02 -6.6899e-01 6.1581e+00 0.0000e+00 -3.2527e+02 0.0000e+00 5.8049e+01 0.0000e+00
1.5168e+02 -4.1997e+01 0.0000e+00 0.0000e+00 2.9287e+02 3.3742e+00 7.6721e+00 0.0000e+00 -3.2560e+02 0.0000e+00 5.7846e+01 0.0000e+00
1.0574e+02 -5.7703e+01 0.0000e+00 0.0000e+00 2.9035e+02 -1.9210e+01 5.5055e+00 0.0000e+00 -3.2711e+02 0.0000e+00 5.7972e+01 0.0000e+00
5.2753e+01 -3.9642e+01 -4.6877e+00 0.0000e+00 2.5519e+02 -5.7449e+01 2.5949e+00 0.0000e+00 -3.3102e+02 0.0000e+00 5.7621e+01 0.0000e+00
2.9228e+01 -2.0382e-01 -5.5533e+00 0.0000e+00 1.9622e+02 -7.0395e+01 0.0000e+00 0.0000e+00 -3.3548e+02 0.0000e+00 5.7254e+01 0.0000e+00
3.8195e+01 4.1628e+01 -1.8896e+00 0.0000e+00 1.2342e+02 -6.4446e+01 -3.6875e+00 0.0000e+00 -2.8537e+02 -3.7497e-01 5.7291e+01 0.0000e+00
9.0834e+01 5.6132e+01 -3.8536e+00 0.0000e+00 7.7591e+01 -1.5979e+01 -1.2533e+01 0.0000e+00 -2.8696e+02 6.1922e-01 5.7323e+01 0.0000e+00
1.3603e+02 3.6271e+01 -1.2473e-01 0.0000e+00 6.7578e+01 -9.1063e-01 -2.8121e+00 0.0000e+00 -2.8642e+02 8.3842e-02 5.7613e+01 0.0000e+00
1.6650e+02 3.1787e+01 2.2047e-01 0.0000e+00 6.6024e+01 6.9752e-01 2.5527e-01 0.0000e+00 -2.8567e+02 2.5798e-01 5.7599e+01 0.0000e+00
1.9691e+02 4.6473e+01 3.2756e-01 0.0000e+00 6.3487e+01 3.2569e-01 -3.6604e+00 0.0000e+00 -2.8495e+02 3.1955e-01 5.7253e+01 0.0000e+00
2.4300e+02 6.6735e+01 5.8441e+00 0.0000e+00 6.6678e+01 1.9559e+01 -1.2345e+01 0.0000e+00 -2.8346e+02 -1.8536e+00 5.6912e+01 0.0000e+00
3.0209e+02 3.3389e+01 4.1372e+00 0.0000e+00 1.1008e+02 6.6320e+01 -2.5469e+00 0.0000e+00 -2.7892e+02 1.3763e-01 5.7570e+01 0.0000e+00
3.2231e+02 -1.9061e+00 3.8894e+00 0.0000e+00 1.7356e+02 7.3574e+01 -2.7441e-01 0.0000e+00 -2.7414e+02 -2.8771e-01 5.7364e+01 0.0000e+00
3.0542e+02 -4.0722e+01 4.0409e+00 0.0000e+00 2.3984e+02 5.9627e+01 5.6663e+00 0.0000e+00 -2.7017e+02 -2.7233e-01 5.7322e+01 0.0000e+00
2.5657e+02 -5.2618e+01 4.2110e-01 0.0000e+00 2.8205e+02 1.9677e+01 5.5791e+00 0.0000e+00 -2.6875e+02 -5.0085e-01 5.7349e+01 0.0000e+00
2.1137e+02 -3.6597e+01 1.6023e-01 0.0000e+00 2.9232e+02 -3.1148e+00 5.8531e+00 0.0000e+00 -2.6955e+02 2.6688e-01 5.7478e+01 0.0000e+00
1.8065e+02 -3.1472e+01 3.7842e-01 0.0000e+00 2.8986e+02 -1.3067e-01 9.4277e+00 0.0000e+00 -2.7049e+02 6.2075e-01 5.7352e+01 0.0000e+00
1.5053e+02 -4.6170e+01 2.3846e-01 0.0000e+00 2.9669e+02 3.1662e+00 6.9507e+00 0.0000e+00 -2.7091e+02 -3.6072e-01 5.7434e+01 0.0000e+00
1.0450e+02 -6.1749e+01 -7.1741e-01 0.0000e+00 2.9286e+02 -2.1777e+01 5.1467e+00 0.0000e+00 -2.7240e+02 -5.7794e-01 5.7425e+01 0.0000e+00
4.6876e+01 -3.8620e+01 -6.2381e+00 0.0000e+00 2.5520e+02 -6.1580e+01 4.1069e+00 0.0000e+00 -2.7666e+02 -3.3343e-02 5.7330e+01 0.0000e+00
2.2608e+01 -1.1390e+00 -4.5053e+00 0.0000e+00 1.9293e+02 -7.5968e+01 1.9445e-01 0.0000e+00 -2.8135e+02 -7.3001e-01 5.7393e+01 0.0000e+00
3.8355e+01 4.4523e+01 2.7380e+00 0.0000e+00 1.2175e+02 -6.4067e+01 3.7095e+00 0.0000e+00 -2.3120e+02 3.2767e-01 5.8071e+01 0.0000e+00
8.9269e+01 5.3470e+01 2.4697e+00 0.0000e+00 7.4285e+01 -1.7736e+01 1.1152e+01 0.0000e+00 -2.3281e+02 5.1286e-01 5.7961e+01 0.0000e+00
1.3450e+02 3.6618e+01 3.8096e-02 0.0000e+00 6.5123e+01 1.4008e-01 8.5329e+00 0.0000e+00 -2.3218e+02 -3.8865e-01 5.7346e+01 0.0000e+00
1.6503e+02 3.1701e+01 -3.9637e-02 0.0000e+00 6.4888e+01 1.0428e+00 5.0281e+00 0.0000e+00 -2.3135e+02 -3.9554e-01 5.7248e+01 0.0000e+00
1.9544e+02 4.7018e+01 6.2857e-01 0.0000e+00 6.1922e+01 -8.9425e-01 8.9467e+00 0.0000e+00 -2.3071e+02 9.0084e-02 5.6935e+01 0.0000e+00
2.4146e+02 6.3563e+01 -3.8052e+00 0.0000e+00 6.4767e+01 2.0472e+01 1.1371e+01 0.0000e+00 -2.2907e+02 1.3583e+00 5.6787e+01 0.0000e+00
2.9948e+02 3.7188e+01 -2.8399e+00 0.0000e+00 1.0732e+02 6.2536e+01 1.6469e+00 0.0000e+00 -2.2465e+02 -5.0037e-01 5.7391e+01 0.0000e+00
3.2426e+02 2.4989e+00 6.4820e+00 0.0000e+00 1.6972e+02 7.6230e+01 -8.3783e-01 0.0000e+00 -2.1975e+02 -3.9511e-01 5.7551e+01 0.0000e+00
3.0920e+02 -4.3216e+01 5.7471e+00 0.0000e+00 2.3994e+02 6.4072e+01 3.9841e+00 0.0000e+00 -2.1552e+02 -1.2118e+00 5.7560e+01 0.0000e+00
2.5533e+02 -5.3815e+01 6.0793e-01 0.0000e+00 2.8370e+02 1.8567e+01 6.2935e+00 0.0000e+00 -2.1419e+02 -3.2702e-03 5.7228e+01 0.0000e+00
2.1014e+02 -3.6177e+01 1.2198e-01 0.0000e+00 2.9439e+02 7.3031e-02 5.9718e+00 0.0000e+00 -2.1475e+02 1.8719e-01 5.7361e+01 0.0000e+00
1.7954e+02 -3.1471e+01 5.1785e-01 0.0000e+00 2.9429e+02 -2.6632e-02 7.4466e+00 0.0000e+00 -2.1558e+02 3.4735e-01 5.7169e+01 0.0000e+00
1.4931e+02 -4.5848e+01 5.5154e-01 0.0000e+00 2.9901e+02 -1.0342e+00 5.0050e+00 0.0000e+00 -2.1616e+02 -2.0611e-01 5.7338e+01 0.0000e+00
1.0322e+02 -6.7246e+01 -1.2503e+00 0.0000e+00 2.9437e+02 -2.1609e+01 5.2826e+00 0.0000e+00 -2.1784e+02 -6.5247e-01 5.7169e+01 0.0000e+00
4.0391e+01 -3.8830e+01 -6.3509e+00 0.0000e+00 2.5594e+02 -6.3917e+01 4.4268e+00 0.0000e+00 -2.2224e+02 5.0605e-03 5.7251e+01 0.0000e+00
1.8141e+01 3.6597e+00 -5.5534e+00 0.0000e+00 1.8948e+02 -7.5820e+01 2.0014e+00 0.0000e+00 -2.2725e+02 -1.2366e-02 5.7681e+01 0.0000e+00
3.4851e+01 4.9583e+01 -5.6863e+00 0.0000e+00 1.1651e+02 -6.0785e+01 -6.0624e+00 0.0000e+00 -1.7728e+02 -7.5820e-01 5.6749e+01 0.0000e+00
8.7885e+01 5.2661e+01 2.4956e-01 0.0000e+00 7.4383e+01 -1.4869e+01 -9.2673e-01 0.0000e+00 -1.7857e+02 5.3395e-01 5.6813e+01 0.0000e+00
1.3332e+02 3.5604e+01 3.4802e-01 0.0000e+00 6.8070e+01 1.2938e+00 1.7320e+00 0.0000e+00 -1.7769e+02 1.1021e-02 5.7548e+01 0.0000e+00
1.6391e+02 3.1972e+01 3.2465e-01 0.0000e+00 6.8451e+01 8.4402e-01 7.0995e+00 0.0000e+00 -1.7670e+02 -3.8996e-01 5.7472e+01 0.0000e+00
1.9421e+02 4.6803e+01 -1.6366e-01 0.0000e+00 6.4254e+01 -1.9500e+00 2.4458e+00 0.0000e+00 -1.7617e+02 5.2976e-02 5.7623e+01 0.0000e+00
2.4007e+02 6.1748e+01 7.8798e-01 0.0000e+00 6.4700e+01 1.7852e+01 -2.3774e+00 0.0000e+00 -1.7492e+02 5.9691e-02 5.7405e+01 0.0000e+00
2.9959e+02 4.4088e+01 5.3867e+00 0.0000e+00 1.0172e+02 5.8543e+01 -5.6572e+00 0.0000e+00 -1.7046e+02 3.8964e-01 5.7185e+01 0.0000e+00
3.2962e+02 9.0020e+00 6.8800e+00 0.0000e+00 1.6566e+02 7.9693e+01 -2.6160e-01 0.0000e+00 -1.6529e+02 -2.6114e-02 5.7103e+01 0.0000e+00
3.1641e+02 -5.4320e+01 1.1074e+01 0.0000e+00 2.4204e+02 6.9167e+01 7.1408e+00 0.0000e+00 -1.6083e+02 -1.1340e+00 5.6286e+01 0.0000e+00
2.5402e+02 -5.4594e+01 -7.1744e-01 0.0000e+00 2.8464e+02 1.4667e+01 3.1846e+00 0.0000e+00 -1.5962e+02 4.1849e-01 5.8014e+01 0.0000e+00
2.0876e+02 -3.6068e+01 1.5731e-01 0.0000e+00 2.9439e+02 1.2571e+00 8.6706e-01 0.0000e+00 -1.6024e+02 1.7819e-01 5.7785e+01 0.0000e+00
1.7826e+02 -3.1508e+01 1.4200e-01 0.0000e+00 2.9570e+02 2.8268e-01 2.5052e+00 0.0000e+00 -1.6102e+02 7.2276e-02 5.7656e+01 0.0000e+00
1.4789e+02 -4.5667e+01 5.4563e-01 0.0000e+00 2.9849e+02 -2.2218e+00 5.2876e-01 0.0000e+00 -1.6169e+02 -5.3708e-02 5.7582e+01 0.0000e+00
1.0188e+02 -7.6084e+01 -2.0252e+00 0.0000e+00 2.9527e+02 -1.8239e+01 2.3098e+00 0.0000e+00 -1.6329e+02 -6.3496e-01 5.7912e+01 0.0000e+00
3.0673e+01 -4.2170e+01 -1.1785e+01 0.0000e+00 2.5894e+02 -6.4099e+01 7.9278e+00 0.0000e+00 -1.6787e+02 -1.0070e-01 5.6938e+01 0.0000e+00
1.0170e+01 8.6717e+00 -5.1811e+00 0.0000e+00 1.8624e+02 -8.1365e+01 6.3642e-01 0.0000e+00 -1.7312e+02 1.4998e-01 5.7126e+01 0.0000e+00
3.1939e+01 4.5441e+01 9.0859e+00 0.0000e+00 1.1210e+02 -6.4380e+01 8.7149e+00 0.0000e+00 -1.2250e+02 1.0652e+00 6.0445e+01 0.0000e+00
8.6370e+01 5.4170e+01 -4.0471e-04 0.0000e+00 7.3301e+01 -1.0952e+01 1.2447e+01 0.0000e+00 -1.2408e+02 7.9353e-01 6.0973e+01 0.0000e+00
1.3202e+02 3.7109e+01 9.0710e-01 0.0000e+00 6.9967e+01 8.5038e+00 1.3644e+01 0.0000e+00 -1.2279e+02 -1.7164e+00 6.0427e+01 0.0000e+00
1.6291e+02 3.1209e+01 2.0532e-01 0.0000e+00 7.4519e+01 -2.2406e-01 1.6584e+01 0.0000e+00 -1.2187e+02 -7.0088e-01 5.7689e+01 0.0000e+00
1.9291e+02 4.5395e+01 -1.1477e+00 0.0000e+00 6.5869e+01 -9.2966e+00 1.3356e+01 0.0000e+00 -1.2133e+02 3.0311e-01 5.9928e+01 0.0000e+00
2.3850e+02 6.4058e+01 -1.0479e+00 0.0000e+00 6.2493e+01 1.2326e+01 1.1091e+01 0.0000e+00 -1.2033e+02 3.5183e+00 5.9795e+01 0.0000e+00
2.9902e+02 4.0112e+01 -8.6862e+00 0.0000e+00 9.6769e+01 6.4443e+01 5.0510e+00 0.0000e+00 -1.1562e+02 -1.0997e+00 6.0580e+01 0.0000e+00
3.3130e+02 2.0840e+01 1.2832e+00 0.0000e+00 1.6184e+02 8.2947e+01 8.9266e-01 0.0000e+00 -1.1076e+02 -7.6771e-01 5.8828e+01 0.0000e+00
3.2484e+02 -6.4594e+01 7.0868e+00 0.0000e+00 2.4513e+02 7.0620e+01 7.5423e+00 0.0000e+00 -1.0599e+02 -2.7239e-01 5.9272e+01 0.0000e+00
2.5257e+02 -5.3390e+01 -9.6869e-01 0.0000e+00 2.8389e+02 1.0849e+01 1.3177e+00 0.0000e+00 -1.0500e+02 3.2954e-01 6.0031e+01 0.0000e+00
2.0714e+02 -3.5774e+01 2.2251e-02 0.0000e+00 2.9063e+02 7.2252e-01 -1.7659e+00 0.0000e+00 -1.0592e+02 -6.0815e-02 5.9649e+01 0.0000e+00
1.7666e+02 -3.1571e+01 -3.2602e-01 0.0000e+00 2.9215e+02 -8.4052e-01 -1.7897e+00 0.0000e+00 -1.0667e+02 -1.3862e-01 5.8090e+01 0.0000e+00
1.4626e+02 -4.5633e+01 2.6516e-01 0.0000e+00 2.9468e+02 -1.8022e+00 -6.6478e-01 0.0000e+00 -1.0741e+02 2.8106e-01 5.9600e+01 0.0000e+00
1.0038e+02 -8.7676e+01 -1.7281e+00 0.0000e+00 2.9366e+02 -1.5633e+01 1.0425e+00 0.0000e+00 -1.0874e+02 -4.8406e-01 5.9858e+01 0.0000e+00
1.9676e+01 -3.7402e+01 -1.0595e+01 0.0000e+00 2.6352e+02 -6.2832e+01 5.5972e+00 0.0000e+00 -1.1340e+02 -1.1508e+00 5.9349e+01 0.0000e+00
6.7538e+00 1.9670e+01 3.1127e+00 0.0000e+00 1.8268e+02 -8.5553e+01 2.1180e+00 0.0000e+00 -1.1862e+02 8.0336e-01 5.9189e+01 0.0000e+00
4.6115e+01 4.0766e+01 1.3060e+01 0.0000e+00 1.2026e+02 -4.6738e+01 1.8093e+01 0.0000e+00 -6.4855e+01 -9.5370e-01 5.7284e+01 0.0000e+00
8.6098e+01 5.0638e+01 1.4878e+00 0.0000e+00 9.1358e+01 -1.0855e+01 3.4894e+01 0.0000e+00 -6.6680e+01 2.3045e+00 5.7439e+01 0.0000e+00
1.3180e+02 3.8181e+01 -1.1004e-01 0.0000e+00 8.9555e+01 7.4682e+00 3.5816e+01 0.0000e+00 -6.4654e+01 -2.8988e+00 5.8058e+01 0.0000e+00
1.6263e+02 2.9260e+01 2.4439e-01 0.0000e+00 9.2471e+01 -1.4587e-01 3.3224e+01 0.0000e+00 -6.5850e+01 -2.2712e-01 5.9826e+01 0.0000e+00
1.9262e+02 4.2811e+01 3.0218e-01 0.0000e+00 8.4668e+01 -9.9956e+00 3.5226e+01 0.0000e+00 -6.3203e+01 7.2301e-01 5.8725e+01 0.0000e+00
2.3810e+02 4.9365e+01 -2.5790e+00 0.0000e+00 7.9110e+01 1.1422e+01 3.2866e+01 0.0000e+00 -6.3189e+01 1.8285e+00 5.8193e+01 0.0000e+00
2.8514e+02 4.7296e+01 -1.0550e+01 0.0000e+00 1.0460e+02 5.1261e+01 1.5193e+01 0.0000e+00 -5.8977e+01 -1.1270e+00 5.6995e+01 0.0000e+00
3.2853e+02 2.8562e+01 -7.4363e-01 0.0000e+00 1.5815e+02 8.0552e+01 -1.2451e+00 0.0000e+00 -5.4419e+01 -1.6133e-01 5.8462e+01 0.0000e+00
3.2672e+02 -6.5959e+01 -4.5921e-01 0.0000e+00 2.4492e+02 7.5241e+01 1.8167e+00 0.0000e+00 -4.9047e+01 2.8335e+00 6.1588e+01 0.0000e+00
2.5093e+02 -5.3014e+01 2.9590e-01 0.0000e+00 2.7998e+02 5.7454e+00 -1.9622e+00 0.0000e+00 -5.0327e+01 6.0915e-01 6.1319e+01 0.0000e+00
2.0541e+02 -3.5850e+01 -4.1431e-01 0.0000e+00 2.8504e+02 -7.7890e-01 -4.8768e+00 0.0000e+00 -5.0698e+01 -2.3417e+00 6.0261e+01 0.0000e+00
1.7490e+02 -3.1068e+01 -3.3112e-02 0.0000e+00 2.8540e+02 6.2671e-02 -7.0178e+00 0.0000e+00 -5.3009e+01 4.6309e-01 6.1012e+01 0.0000e+00
1.4454e+02 -4.5950e+01 8.3604e-01 0.0000e+00 2.8912e+02 1.2105e+00 -4.2100e+00 0.0000e+00 -5.2301e+01 -4.9076e-01 5.9906e+01 0.0000e+00
9.8776e+01 -9.3994e+01 -1.3510e+00 0.0000e+00 2.9028e+02 -1.0064e+01 -1.1724e+00 0.0000e+00 -5.4088e+01 2.4632e+00 6.0899e+01 0.0000e+00
1.4554e+01 -3.0895e+01 -4.3654e-01 0.0000e+00 2.6374e+02 -6.3569e+01 1.3890e+00 0.0000e+00 -5.6713e+01 -2.2434e+00 5.9848e+01 0.0000e+00
8.5316e+00 3.2669e+01 2.5012e+00 0.0000e+00 1.7867e+02 -8.0911e+01 -2.3751e+00 0.0000e+00 -6.1819e+01 1.3401e+00 5.8709e+01 0.0000e+00
5.4865e+01 4.2069e+01 1.0180e+01 0.0000e+00 1.3313e+02 -2.2017e+01 1.6583e+01 0.0000e+00 -1.2426e+01 0.0000e+00 5.1688e+01 0.0000e+00
8.6813e+01 4.4079e+01 0.0000e+00 0.0000e+00 1.2341e+02 -2.0978e+00 3.7827e+01 0.0000e+00 -1.1805e+01 0.0000e+00 5.1529e+01 0.0000e+00
1.3275e+02 4.0231e+01 0.0000e+00 0.0000e+00 1.2525e+02 7.8490e+00 4.5279e+01 0.0000e+00 -1.0210e+01 0.0000e+00 5.0518e+01 0.0000e+00
1.6353e+02 2.8246e+01 0.0000e+00 0.0000e+00 1.2817e+02 3.7492e-01 4.5942e+01 0.0000e+00 -9.1614e+00 0.0000e+00 5.2260e+01 0.0000e+00
1.9359e+02 4.2915e+01 0.0000e+00 0.0000e+00 1.2096e+02 -8.6031e+00 4.7324e+01 0.0000e+00 -8.6420e+00 0.0000e+00 5.0851e+01 0.0000e+00
2.3887e+02 4.3083e+01 0.0000e+00 0.0000e+00 1.1198e+02 -1.6961e-02 4.0418e+01 0.0000e+00 -8.1119e+00 0.0000e+00 5.3005e+01 0.0000e+00
2.7699e+02 5.0038e+01 -1.0273e+01 0.0000e+00 1.1655e+02 2.4268e+01 1.4520e+01 0.0000e+00 -6.6680e+00 0.0000e+00 5.1507e+01 0.0000e+00
3.2311e+02 2.9428e+01 -8.0624e+00 0.0000e+00 1.5493e+02 7.5530e+01 0.0000e+00 0.0000e+00 -2.7134e+00 0.0000e+00 5.3254e+01 0.0000e+00
3.1993e+02 -6.1098e+01 -3.6984e+00 0.0000e+00 2.3777e+02 6.8920e+01 -1.2633e+01 0.0000e+00 2.3795e+00 0.0000e+00 4.6278e+01 0.0000e+00
2.4893e+02 -6.0300e+01 0.0000e+00 0.0000e+00 2.6855e+02 5.1767e+00 -1.1232e+01 0.0000e+00 2.3013e+00 0.0000e+00 3.6222e+01 0.0000e+00
2.0329e+02 -3.8078e+01 0.0000e+00 0.0000e+00 2.7177e+02 -3.0149e+00 -1.3626e+01 0.0000e+00 1.1911e+00 0.0000e+00 4.4279e+01 0.0000e+00
1.7268e+02 -2.9422e+01 0.0000e+00 0.0000e+00 2.7135e+02 -2.3698e-01 -1.3626e+01 0.0000e+00 2.8647e-01 0.0000e+00 4.6844e+01 0.0000e+00
1.4243e+02 -3.7909e+01 0.0000e+00 0.0000e+00 2.7618e+02 2.6490e+00 -1.4125e+01 0.0000e+00 -3.5854e-01 0.0000e+00 4.5369e+01 0.0000e+00
9.6803e+01 -8.6364e+01 0.0000e+00 0.0000e+00 2.7909e+02 -5.6206e+00 -1.0691e+01 0.0000e+00 -1.5000e+00 0.0000e+00 3.5352e+01 0.0000e+00
1.7482e+01 -3.8268e+01 1.5837e+01 0.0000e+00 2.5638e+02 -6.7771e+01 -2.8650e+00 0.0000e+00 -4.9977e+00 0.0000e+00 4.8779e+01 0.0000e+00
1.0676e+01 3.3920e+01 3.1658e+00 0.0000e+00 1.7500e+02 -7.5593e+01 0.0000e+00 0.0000e+00 -1.0367e+01 0.0000e+00 5.1411e+01 0.0000e+00
