[ 139.97905522  108.69728399 -184.66868825]
[ 139.97905522  108.69728399 -184.66868825]
[ 139.97905522  108.69728399 -184.66868825]
[ 139.97905522  108.69728399 -184.66868825]
[ 139.97905522  108.69728399 -184.66868825]
[ 135.43386619  130.96322318 -186.69004286]
[ 135.43386619  130.96322318 -186.69004286]
[ 125.52695924  146.96372107 -185.81034452]
[ 125.52695924  146.96372107 -185.81034452]
[ 125.52695924  146.96372107 -185.81034452]
[ 146.82788117  152.86292504 -203.54559166]
[ 146.82788117  152.86292504 -203.54559166]
[ 161.41648151  167.12153931 -221.0121305 ]
[ 161.41648151  167.12153931 -221.0121305 ]
[ 132.15995617  198.62145266 -248.92011159]
[ 132.15995617  198.62145266 -248.92011159]
[  76.7377009   223.95467348 -269.35575204]
[  76.7377009   223.95467348 -269.35575204]
[  76.7377009   223.95467348 -269.35575204]
[  76.7377009   223.95467348 -269.35575204]
[  76.7377009   223.95467348 -269.35575204]
[ 119.86825587  106.95388088 -182.71625485]
[ 119.86825587  106.95388088 -182.71625485]
[  93.54920697  122.97846493 -187.05592686]
[  93.54920697  122.97846493 -187.05592686]
[  93.54920697  122.97846493 -187.05592686]
[  93.54920697  122.97846493 -187.05592686]
[  86.24554713  152.08518108 -198.14954536]
[  86.24554713  152.08518108 -198.14954536]
[  92.74341835  184.34183152 -213.58912778]
[  92.74341835  184.34183152 -213.58912778]
[  88.9480035   215.22674081 -241.29636405]
[  88.9480035   215.22674081 -241.29636405]
[ 107.96580805   84.05989297 -192.2289905 ]
[ 107.96580805   84.05989297 -192.2289905 ]
[  53.69294007  100.72513671 -224.96042122]
[  53.69294007  100.72513671 -224.96042122]
[  53.69294007  100.72513671 -224.96042122]
[  34.22201591  143.62107553 -226.05738102]
[  34.22201591  143.62107553 -226.05738102]
[  37.30982985  180.5101166  -234.66560574]
[  37.30982985  180.5101166  -234.66560574]
[  48.89768275  206.45382459 -253.11800549]
[  48.89768275  206.45382459 -253.11800549]
[ 143.97654275   93.57822191 -163.83908023]
[ 143.97654275   93.57822191 -163.83908023]
[ 129.02724654  129.05733873 -155.66751428]
[ 135.80101135  164.57762585 -154.78503574]
[ 135.80101135  164.57762585 -154.78503574]
[ 135.80101135  164.57762585 -154.78503574]
[ 135.80101135  164.57762585 -154.78503574]
[ 135.80101135  164.57762585 -154.78503574]
[ 155.01372489  184.20629795 -167.85973483]
[ 137.33728328  227.90128999 -170.75502095]
[  92.41386331  248.20225302 -178.59001596]
[  92.41386331  248.20225302 -178.59001596]
[  87.85119956  152.0821833  -162.50742999]
[  87.85119956  152.0821833  -162.50742999]
[  81.95263183   94.02548097 -167.76296375]
[  42.98544369  147.70274296 -169.21913469]
[  42.98544369  147.70274296 -169.21913469]
[  42.98544369  147.70274296 -169.21913469]
[  42.98544369  147.70274296 -169.21913469]
[  42.98544369  147.70274296 -169.21913469]
[  42.2161458   185.9897002  -183.23052557]
[  57.167725    222.75358022 -184.52240588]
[ 169.26402299   92.46606774 -137.67429528]
[ 169.26402299   92.46606774 -137.67429528]
[ 169.26402299   92.46606774 -137.67429528]
[ 169.26402299   92.46606774 -137.67429528]
[ 169.26402299   92.46606774 -137.67429528]
[ 138.4435128   135.47239358 -116.86380035]
[ 138.4435128   135.47239358 -116.86380035]
[ 152.69763927  188.9571595  -107.01152662]
[ 152.69763927  188.9571595  -107.01152662]
[ 152.69763927  188.9571595  -107.01152662]
[ 152.69763927  188.9571595  -107.01152662]
[ 152.69763927  188.9571595  -107.01152662]
[ 152.69763927  188.9571595  -107.01152662]
[136.67321684 232.96624129 -88.93152736]
[136.67321684 232.96624129 -88.93152736]
[ 96.2909302  253.75209096 -89.06177315]
[ 96.2909302  253.75209096 -89.06177315]
[ 96.2909302  253.75209096 -89.06177315]
[ 96.2909302  253.75209096 -89.06177315]
[ 96.2909302  253.75209096 -89.06177315]
[ 105.60584734  116.62212782 -134.13849661]
[ 105.60584734  116.62212782 -134.13849661]
[  94.97570712  186.77855362 -120.51897433]
[  94.97570712  186.77855362 -120.51897433]
[  94.97570712  186.77855362 -120.51897433]
[  94.97570712  186.77855362 -120.51897433]
[  94.57999033  226.74432592 -101.20242647]
[  94.57999033  226.74432592 -101.20242647]
[  74.91174112  102.92185399 -139.16325594]
[  74.91174112  102.92185399 -139.16325594]
[  47.70221994  187.05912632 -127.35786757]
[  47.70221994  187.05912632 -127.35786757]
[  47.70221994  187.05912632 -127.35786757]
[  47.70221994  187.05912632 -127.35786757]
[  47.70221994  187.05912632 -127.35786757]
[  47.70221994  187.05912632 -127.35786757]
[  61.67235331  225.94122836 -111.08887063]
[  61.67235331  225.94122836 -111.08887063]
[161.03710023 107.69819582 -84.27940665]
[161.03710023 107.69819582 -84.27940665]
[145.55458436 137.36873164 -68.35301161]
[157.7908964  184.1791634  -44.02058047]
[143.03856326 221.51518768 -28.75314055]
[112.47581358 233.1836326  -27.73995773]
[112.47581358 233.1836326  -27.73995773]
[ 93.711338   115.09596953 -79.46775732]
[ 68.28992903 171.82293229 -46.8598712 ]
[ 85.07848607 216.88889066 -34.46741109]
[147.81047821 130.80847846 -38.58405239]
[147.81047821 130.80847846 -38.58405239]
[147.81047821 130.80847846 -38.58405239]
[147.81047821 130.80847846 -38.58405239]
[147.81047821 130.80847846 -38.58405239]
[151.38970612 175.96961368  -5.95494667]
[151.38970612 175.96961368  -5.95494667]
[136.96934349 212.30199865   1.65118374]
[136.96934349 212.30199865   1.65118374]
[136.96934349 212.30199865   1.65118374]
[136.96934349 212.30199865   1.65118374]
[136.96934349 212.30199865   1.65118374]
[ 254.7244337    98.93632335 -243.41978861]
[ 254.7244337    98.93632335 -243.41978861]
[ 254.7244337    98.93632335 -243.41978861]
[ 254.7244337    98.93632335 -243.41978861]
[ 254.7244337    98.93632335 -243.41978861]
[ 274.44488936  111.35339475 -249.90188148]
[ 274.44488936  111.35339475 -249.90188148]
[ 274.44488936  111.35339475 -249.90188148]
[ 274.44488936  111.35339475 -249.90188148]
[ 274.44488936  111.35339475 -249.90188148]
[ 274.44488936  111.35339475 -249.90188148]
[ 287.92244433  164.47748966 -261.4212522 ]
[ 287.92244433  164.47748966 -261.4212522 ]
[ 270.30827628  210.15018581 -278.43571126]
[ 270.30827628  210.15018581 -278.43571126]
[ 213.50331892  234.19148673 -254.61714747]
[ 213.50331892  234.19148673 -254.61714747]
[ 213.50331892  234.19148673 -254.61714747]
[ 213.50331892  234.19148673 -254.61714747]
[ 213.50331892  234.19148673 -254.61714747]
[ 252.37280974  124.04874248 -223.23281837]
[ 252.37280974  124.04874248 -223.23281837]
[ 252.37280974  124.04874248 -223.23281837]
[ 252.37280974  124.04874248 -223.23281837]
[ 247.18229377  167.06153721 -224.59803719]
[ 247.18229377  167.06153721 -224.59803719]
[ 234.6317405   204.83327291 -238.43734063]
[ 234.6317405   204.83327291 -238.43734063]
[ 218.71928988  125.36170706 -213.90353413]
[ 218.71928988  125.36170706 -213.90353413]
[ 218.71928988  125.36170706 -213.90353413]
[ 218.71928988  125.36170706 -213.90353413]
[ 218.71928988  125.36170706 -213.90353413]
[ 218.71928988  125.36170706 -213.90353413]
[ 174.69740716  149.91839123 -207.67780947]
[ 174.69740716  149.91839123 -207.67780947]
[ 179.21050258  199.18617191 -235.73158076]
[ 179.21050258  199.18617191 -235.73158076]
[ 215.61499057   86.27560853 -181.66478794]
[ 215.61499057   86.27560853 -181.66478794]
[ 262.82090881  112.69001337 -169.08030545]
[ 278.72167789  161.34835259 -162.95807033]
[ 278.72167789  161.34835259 -162.95807033]
[ 278.72167789  161.34835259 -162.95807033]
[ 278.72167789  161.34835259 -162.95807033]
[ 278.72167789  161.34835259 -162.95807033]
[ 268.98262716  222.67904332 -168.55216161]
[ 216.12813434  253.54379098 -163.07122668]
[ 216.12813434  253.54379098 -163.07122668]
[ 245.90681391  165.91587022 -159.61677807]
[ 245.90681391  165.91587022 -159.61677807]
[ 229.28207126  137.18411474 -160.41476487]
[ 198.5837195   174.35177369 -155.74359521]
[ 198.5837195   174.35177369 -155.74359521]
[ 198.5837195   174.35177369 -155.74359521]
[ 198.5837195   174.35177369 -155.74359521]
[ 198.5837195   174.35177369 -155.74359521]
[ 186.90305845  215.95186112 -158.21162928]
[ 176.11898726   94.98027032 -135.02569558]
[ 176.11898726   94.98027032 -135.02569558]
[ 254.29263729  119.66404416 -104.65840537]
[ 266.09961737  215.73212156 -101.1789462 ]
[ 266.09961737  215.73212156 -101.1789462 ]
[ 266.09961737  215.73212156 -101.1789462 ]
[ 266.09961737  215.73212156 -101.1789462 ]
[ 266.09961737  215.73212156 -101.1789462 ]
[ 266.09961737  215.73212156 -101.1789462 ]
[205.79690145 249.44401453 -58.07194985]
[205.79690145 249.44401453 -58.07194985]
[205.79690145 249.44401453 -58.07194985]
[205.79690145 249.44401453 -58.07194985]
[205.79690145 249.44401453 -58.07194985]
[233.8686767  213.42995358 -97.54391851]
[233.8686767  213.42995358 -97.54391851]
[ 195.08455114  147.4142541  -116.86296771]
[ 180.55031288  211.94136169 -101.17686172]
[ 180.55031288  211.94136169 -101.17686172]
[ 180.55031288  211.94136169 -101.17686172]
[ 180.55031288  211.94136169 -101.17686172]
[ 180.55031288  211.94136169 -101.17686172]
[ 180.55031288  211.94136169 -101.17686172]
[162.33287267 108.22605722 -70.31281507]
[162.33287267 108.22605722 -70.31281507]
[224.32259313 136.198056   -52.67473237]
[232.47211396 201.05459159 -26.83937543]
[196.1949776  228.83223031 -19.33962344]
[196.1949776  228.83223031 -19.33962344]
[179.58417534 152.07606057 -62.48829437]
[168.87020442 200.53026399 -36.48448408]
[189.23017837 146.7266017  -37.49080306]
[189.23017837 146.7266017  -37.49080306]
[189.23017837 146.7266017  -37.49080306]
[189.23017837 146.7266017  -37.49080306]
[189.23017837 146.7266017  -37.49080306]
[187.68996644 190.5635954   -4.79836119]
[187.68996644 190.5635954   -4.79836119]
[187.68996644 190.5635954   -4.79836119]
[187.68996644 190.5635954   -4.79836119]
[187.68996644 190.5635954   -4.79836119]
