[ 138.97976966  105.58732817 -186.58033536]
[ 138.97976966  105.58732817 -186.58033536]
[ 138.97976966  105.58732817 -186.58033536]
[ 138.97976966  105.58732817 -186.58033536]
[ 138.97976966  105.58732817 -186.58033536]
[ 134.19707866  129.01674021 -188.70731278]
[ 134.19707866  129.01674021 -188.70731278]
[ 123.77250134  145.85331982 -187.78164714]
[ 123.77250134  145.85331982 -187.78164714]
[ 123.77250134  145.85331982 -187.78164714]
[ 146.1864706   152.06077774 -206.44362269]
[ 146.1864706   152.06077774 -206.44362269]
[ 161.5373761   167.06445424 -224.822849  ]
[ 161.5373761   167.06445424 -224.822849  ]
[ 130.75209545  200.21034773 -254.18911926]
[ 130.75209545  200.21034773 -254.18911926]
[  72.4338344   226.86731754 -275.69259307]
[  72.4338344   226.86731754 -275.69259307]
[  72.4338344   226.86731754 -275.69259307]
[  72.4338344   226.86731754 -275.69259307]
[  72.4338344   226.86731754 -275.69259307]
[ 117.81811102  103.75282618 -184.52588052]
[ 117.81811102  103.75282618 -184.52588052]
[  90.12380018  120.61475054 -189.0923155 ]
[  90.12380018  120.61475054 -189.0923155 ]
[  90.12380018  120.61475054 -189.0923155 ]
[  90.12380018  120.61475054 -189.0923155 ]
[  82.43849869  151.24239394 -200.76561419]
[  82.43849869  151.24239394 -200.76561419]
[  89.27590631  185.18456668 -217.01196854]
[  89.27590631  185.18456668 -217.01196854]
[  85.28216782  217.68332    -246.16700436]
[  85.28216782  217.68332    -246.16700436]
[ 105.29371886   79.6625477  -194.53568972]
[ 105.29371886   79.6625477  -194.53568972]
[  48.18490458   97.19860844 -228.97745166]
[  48.18490458   97.19860844 -228.97745166]
[  48.18490458   97.19860844 -228.97745166]
[  27.69655685  142.33600941 -230.13173142]
[  27.69655685  142.33600941 -230.13173142]
[  30.94571981  181.15263131 -239.18976585]
[  30.94571981  181.15263131 -239.18976585]
[  43.13907837  208.45198836 -258.60636773]
[  43.13907837  208.45198836 -258.60636773]
[ 143.18613983   89.67824247 -164.6623078 ]
[ 143.18613983   89.67824247 -164.6623078 ]
[ 127.45569084  127.01126666 -156.06374908]
[ 134.58340844  164.38761245 -155.13515797]
[ 134.58340844  164.38761245 -155.13515797]
[ 134.58340844  164.38761245 -155.13515797]
[ 134.58340844  164.38761245 -155.13515797]
[ 134.58340844  164.38761245 -155.13515797]
[ 154.80005316  185.041951   -168.8930556 ]
[ 136.19995593  231.0201585  -171.9396305 ]
[  88.92913086  252.38191753 -180.18403127]
[  88.92913086  252.38191753 -180.18403127]
[  84.12805204  151.23923952 -163.2610742 ]
[  84.12805204  151.23923952 -163.2610742 ]
[  77.92126362   90.14887237 -168.79122789]
[  36.91790423  146.63095817 -170.32348883]
[  36.91790423  146.63095817 -170.32348883]
[  36.91790423  146.63095817 -170.32348883]
[  36.91790423  146.63095817 -170.32348883]
[  36.91790423  146.63095817 -170.32348883]
[  36.10840785  186.91854223 -185.06702367]
[  51.84125912  225.60346297 -186.42640923]
[ 169.79497894   88.50797437 -137.13032175]
[ 169.79497894   88.50797437 -137.13032175]
[ 169.79497894   88.50797437 -137.13032175]
[ 169.79497894   88.50797437 -137.13032175]
[ 169.79497894   88.50797437 -137.13032175]
[ 137.3639898   133.76153047 -115.232406  ]
[ 137.3639898   133.76153047 -115.232406  ]
[ 152.362944    190.04106161 -104.86531666]
[ 152.362944    190.04106161 -104.86531666]
[ 152.362944    190.04106161 -104.86531666]
[ 152.362944    190.04106161 -104.86531666]
[ 152.362944    190.04106161 -104.86531666]
[ 152.362944    190.04106161 -104.86531666]
[135.5011897  236.34977114 -85.8405745 ]
[135.5011897  236.34977114 -85.8405745 ]
[ 93.00878799 258.22175382 -85.97762608]
[ 93.00878799 258.22175382 -85.97762608]
[ 93.00878799 258.22175382 -85.97762608]
[ 93.00878799 258.22175382 -85.97762608]
[ 93.00878799 258.22175382 -85.97762608]
[ 102.81044199  113.92627269 -133.40976528]
[ 102.81044199  113.92627269 -133.40976528]
[  91.62483993  187.74861599 -119.07857555]
[  91.62483993  187.74861599 -119.07857555]
[  91.62483993  187.74861599 -119.07857555]
[  91.62483993  187.74861599 -119.07857555]
[ 91.20844556 229.80273903 -98.75267081]
[ 91.20844556 229.80273903 -98.75267081]
[  70.51246186   99.51011185 -138.69708578]
[  70.51246186   99.51011185 -138.69708578]
[  41.88114846  188.04384958 -126.27482477]
[  41.88114846  188.04384958 -126.27482477]
[  41.88114846  188.04384958 -126.27482477]
[  41.88114846  188.04384958 -126.27482477]
[  41.88114846  188.04384958 -126.27482477]
[  41.88114846  188.04384958 -126.27482477]
[  56.58126994  228.95767682 -109.1557161 ]
[  56.58126994  228.95767682 -109.1557161 ]
[161.13817083 104.53603417 -80.94536429]
[161.13817083 104.53603417 -80.94536429]
[144.84663961 135.75695879 -64.18675966]
[157.72234154 185.01339857 -38.58287427]
[142.19914764 224.30036012 -22.51765747]
[110.03938788 236.57852191 -21.45153232]
[110.03938788 236.57852191 -21.45153232]
[ 90.29440312 112.32036731 -75.88228953]
[ 63.54463703 172.01151137 -41.57052783]
[ 81.21045463 219.43232297 -28.53051854]
[147.22041176 128.85390954 -32.86226868]
[147.22041176 128.85390954 -32.86226868]
[147.22041176 128.85390954 -32.86226868]
[147.22041176 128.85390954 -32.86226868]
[147.22041176 128.85390954 -32.86226868]
[150.98666678 176.3748713    1.47182141]
[150.98666678 176.3748713    1.47182141]
[135.81279    214.60574988   9.47539862]
[135.81279    214.60574988   9.47539862]
[135.81279    214.60574988   9.47539862]
[135.81279    214.60574988   9.47539862]
[135.81279    214.60574988   9.47539862]
[ 259.72099365   95.31632336 -248.40138526]
[ 259.72099365   95.31632336 -248.40138526]
[ 259.72099365   95.31632336 -248.40138526]
[ 259.72099365   95.31632336 -248.40138526]
[ 259.72099365   95.31632336 -248.40138526]
[ 280.47191177  108.38222997 -255.22219004]
[ 280.47191177  108.38222997 -255.22219004]
[ 280.47191177  108.38222997 -255.22219004]
[ 280.47191177  108.38222997 -255.22219004]
[ 280.47191177  108.38222997 -255.22219004]
[ 280.47191177  108.38222997 -255.22219004]
[ 294.65371591  164.28224379 -267.34348799]
[ 294.65371591  164.28224379 -267.34348799]
[ 276.11914625  212.34149732 -285.24701177]
[ 276.11914625  212.34149732 -285.24701177]
[ 216.3459321   237.63903992 -260.1838451 ]
[ 216.3459321   237.63903992 -260.1838451 ]
[ 216.3459321   237.63903992 -260.1838451 ]
[ 216.3459321   237.63903992 -260.1838451 ]
[ 216.3459321   237.63903992 -260.1838451 ]
[ 257.24648914  121.74095382 -227.15957553]
[ 257.24648914  121.74095382 -227.15957553]
[ 257.24648914  121.74095382 -227.15957553]
[ 257.24648914  121.74095382 -227.15957553]
[ 251.78475064  167.00131682 -228.59613179]
[ 251.78475064  167.00131682 -228.59613179]
[ 238.57838728  206.74675722 -243.15858702]
[ 238.57838728  206.74675722 -243.15858702]
[ 221.83445571  123.12252537 -217.34280372]
[ 221.83445571  123.12252537 -217.34280372]
[ 221.83445571  123.12252537 -217.34280372]
[ 221.83445571  123.12252537 -217.34280372]
[ 221.83445571  123.12252537 -217.34280372]
[ 221.83445571  123.12252537 -217.34280372]
[ 175.51227635  148.96238179 -210.79176327]
[ 175.51227635  148.96238179 -210.79176327]
[ 180.26119672  200.80457553 -240.31144178]
[ 180.26119672  200.80457553 -240.31144178]
[ 218.56794595   81.99404211 -183.4194708 ]
[ 218.56794595   81.99404211 -183.4194708 ]
[ 268.24053776  109.78869157 -170.17740528]
[ 284.97217739  160.98959842 -163.73526207]
[ 284.97217739  160.98959842 -163.73526207]
[ 284.97217739  160.98959842 -163.73526207]
[ 284.97217739  160.98959842 -163.73526207]
[ 284.97217739  160.98959842 -163.73526207]
[ 274.72422735  225.52503126 -169.62166409]
[ 219.10790327  258.00256944 -163.85433123]
[ 219.10790327  258.00256944 -163.85433123]
[ 250.44262253  165.79578474 -160.21937565]
[ 250.44262253  165.79578474 -160.21937565]
[ 232.94917919  135.56269501 -161.05906004]
[ 200.64673167  174.67249354 -156.1438055 ]
[ 200.64673167  174.67249354 -156.1438055 ]
[ 200.64673167  174.67249354 -156.1438055 ]
[ 200.64673167  174.67249354 -156.1438055 ]
[ 200.64673167  174.67249354 -156.1438055 ]
[ 188.35571542  218.44633037 -158.74080294]
[ 177.00813897   91.15355278 -134.34332348]
[ 177.00813897   91.15355278 -134.34332348]
[ 259.26663437  117.12713975 -102.38923664]
[271.69057027 218.21510866 -98.72796361]
[271.69057027 218.21510866 -98.72796361]
[271.69057027 218.21510866 -98.72796361]
[271.69057027 218.21510866 -98.72796361]
[271.69057027 218.21510866 -98.72796361]
[271.69057027 218.21510866 -98.72796361]
[208.23682749 253.6885654  -53.36847662]
[208.23682749 253.6885654  -53.36847662]
[208.23682749 253.6885654  -53.36847662]
[208.23682749 253.6885654  -53.36847662]
[208.23682749 253.6885654  -53.36847662]
[237.77545073 215.79264438 -94.90299307]
[237.77545073 215.79264438 -94.90299307]
[ 196.96471959  146.32739477 -115.23152985]
[181.67101678 214.22626838 -98.72577021]
[181.67101678 214.22626838 -98.72577021]
[181.67101678 214.22626838 -98.72577021]
[181.67101678 214.22626838 -98.72577021]
[181.67101678 214.22626838 -98.72577021]
[181.67101678 214.22626838 -98.72577021]
[162.50165188 105.09147817 -66.24896967]
[162.50165188 105.09147817 -66.24896967]
[227.73055106 134.52511127 -47.68923575]
[236.30591273 202.77062664 -20.50389146]
[198.13316969 231.99974369 -12.61225131]
[198.13316969 231.99974369 -12.61225131]
[180.65439518 151.23279686 -58.01559053]
[169.38058198 202.2189011  -30.65299061]
[190.80443546 145.60381014 -31.71189327]
[190.80443546 145.60381014 -31.71189327]
[190.80443546 145.60381014 -31.71189327]
[190.80443546 145.60381014 -31.71189327]
[190.80443546 145.60381014 -31.71189327]
[189.18374209 191.73143938   2.68884251]
[189.18374209 191.73143938   2.68884251]
[189.18374209 191.73143938   2.68884251]
[189.18374209 191.73143938   2.68884251]
[189.18374209 191.73143938   2.68884251]
[ 54.3011369  124.90345224  49.42069402]
[ 80.79472576 131.88637565  48.0164995 ]
[129.52546694 146.90729253  45.34479512]
[162.26415338 154.7188189   43.64298789]
[197.19237744 143.3576366   42.63176646]
[248.95263972 131.85064249  40.91557585]
[304.59358095 144.66315766  38.04220652]
[341.75274285 186.92951611  34.74646822]
[311.97708895 247.6998722   33.52206282]
[244.1636415  262.13141873  35.79683558]
[193.54577729 263.63503832  37.8733396 ]
[159.86587454 264.06533238  39.27828274]
[126.36011939 262.97062016  40.73815578]
[ 77.03275348 253.17402999  43.22168417]
[ 15.60581226 215.47748716  47.35576252]
[ 17.92292425 150.49398965  49.91199338]
[51.27288845 98.88051476 -5.09097344]
[82.52545096 93.55006386 -7.13116383]
[132.21607753 101.02462624  -7.43670462]
[164.90493819 108.80499449 -10.27730111]
[199.92832113  96.11290531 -12.45412729]
[250.51996152  95.11466461 -13.8764048 ]
[308.10345107 125.24717368 -17.30460065]
[347.83108659 185.64920497 -20.07058674]
[314.21202588 266.52468315 -22.52233544]
[238.98263965 284.48361427 -21.13155094]
[188.39932837 285.72303365 -18.95198431]
[154.76384985 285.9511878  -17.08409556]
[121.42169511 283.25637627 -15.97513486]
[ 71.8906511  275.10730601 -13.8825449 ]
[ -9.46632221 231.36196617  -6.86258139]
[  0.41461031 146.6370731   -1.6562141 ]
[ 36.94139781  78.5882705  -62.59447896]
[ 83.57756691  59.90649812 -65.49475507]
[134.01397866  60.94735316 -65.33265864]
[167.07368747  65.20917196 -68.70792249]
[201.20062809  61.00180388 -69.64176327]
[251.2881974   64.44526762 -71.15618453]
[314.37829766 109.72072025 -74.96894436]
[344.11098465 183.07137767 -79.84392299]
[315.71728691 268.67700487 -82.32738597]
[234.95318352 295.79442625 -79.99813473]
[184.36724941 297.01098924 -77.92948656]
[151.00918361 294.5762017  -76.53577656]
[117.85771127 290.35100808 -75.03194871]
[ 68.23151754 283.22524045 -72.5125846 ]
[-16.21711299 229.27041721 -66.41775378]
[-13.22277912 142.92739763 -61.40959862]
[  26.23463577   67.66575373 -122.11199917]
[  83.03758418   40.86026973 -122.78402541]
[ 133.2120896    43.3080016  -124.83436653]
[ 166.14814556   49.39812251 -126.45745436]
[ 200.48535468   43.20153054 -127.68058359]
[ 250.61922054   45.83700222 -130.14765321]
[ 317.96743155  103.71154037 -135.34779309]
[ 338.17191004  180.25967694 -139.0748799 ]
[ 310.18260485  262.94983861 -142.14495313]
[ 232.46297772  293.32676822 -139.10016409]
[ 181.61249976  296.90193076 -137.01373675]
[ 148.12793434  295.62887664 -135.53008479]
[ 114.91741223  291.96850056 -133.93016068]
[  65.8197744   280.08342018 -131.55888913]
[ -10.38207845  222.81983218 -127.37147048]
[ -16.015982    140.33319098 -124.5764707 ]
[  33.07151579   77.4747654  -183.18876071]
[  79.08657806   50.97801132 -182.84184348]
[ 129.73093852   49.10476937 -185.24059909]
[ 163.35354298   49.50548123 -185.87273793]
[ 196.67842877   52.00004864 -187.83131876]
[ 246.12584067   59.98097924 -192.11366685]
[ 302.4184508   107.28617423 -195.53077568]
[ 326.53434494  176.78522387 -198.63836801]
[ 298.30412048  253.79561117 -200.57508447]
[ 230.94728229  282.27729791 -198.0114536 ]
[ 179.70760964  289.20231784 -196.18739954]
[ 146.06373458  289.36741215 -194.65030515]
[ 112.9098441   285.15875596 -193.1583801 ]
[  64.08061969  270.88238947 -190.80079113]
[   4.91200981  216.83435253 -187.99935817]
[   1.36040793  140.09570945 -186.26268709]
[  31.74620283   73.86193796 -241.00861768]
[  77.66830205   38.73844442 -242.53216871]
[ 129.20926692   28.91473827 -244.88688375]
[ 162.72144317   31.06775165 -243.66705366]
[ 195.97976013   33.36937787 -247.51062617]
[ 244.92122437   47.10767543 -248.76427878]
[ 303.97204321  103.79112036 -253.63232474]
[ 322.58337881  174.24587457 -256.61146981]
[ 293.62431715  250.91818696 -259.334265  ]
[ 228.56944608  278.43152677 -258.02500123]
[ 177.46092435  284.19613572 -256.18839271]
[ 143.86029019  284.57093023 -253.22416459]
[ 110.54896059  280.99572262 -253.57216604]
[  61.45693767  269.54720431 -250.03214883]
[  -1.06314202  215.40500805 -243.33638216]
[  -2.53040194  137.7199724  -239.88415454]
[  24.04293607   66.97193476 -294.9601791 ]
[  76.01724762   31.28353013 -295.69777784]
[ 127.95599444   18.21364155 -297.35767427]
[ 161.65632433   17.60456586 -298.75617826]
[ 194.6913351    22.82124902 -300.36452092]
[ 242.9185922    42.25090923 -303.19502464]
[ 306.01905422   98.66490792 -308.1642567 ]
[ 325.71498106  172.6078754  -312.0161672 ]
[ 295.36397225  249.70160633 -313.88296133]
[ 226.14114856  277.50814929 -312.09493171]
[ 175.19523683  281.88430707 -310.12189418]
[ 141.69059718  280.77991513 -308.6616729 ]
[ 107.86669244  282.47107031 -307.30214454]
[  58.59786472  272.16189213 -304.80015315]
[ -12.79216028  216.31218018 -299.50384685]
[ -17.11939316  134.03406225 -295.96062497]
